sample_id	B cells naive	B cells memory	Plasma cells	T cells CD8	T cells CD4 naive	T cells CD4 memory resting	T cells CD4 memory activated	T cells follicular helper	T cells regulatory (Tregs)	T cells gamma delta	NK cells resting	NK cells activated	Monocytes	Macrophages M0	Macrophages M1	Macrophages M2	Dendritic cells resting	Dendritic cells activated	Mast cells resting	Mast cells activated	Eosinophils	Neutrophils	P-value	Correlation	RMSE
AMC.R1	0.0601529716531461	0	0.222101000042439	0.0469381394001095	0	0.332362272479346	0.010581824078342	0	0.000937434524295701	0	0	0.0567561943014983	0	0.0478203269074472	0.0494218411201428	0.0380480704123574	0.00740497378498793	0.00136501648870211	0	0.126109934807186	0	0	0.03	0.244107114162957	0.994911466146937
AMC.R100	0	0	0.0884623537163975	0.00857532842482291	0	0.223365924840214	0.0252238035214076	0.0183670414134938	0.0169987197911165	0	0	0.0741618356612327	0.00403590468253417	0.173179781056585	0.0551668321077953	0.184969907196645	0.00120326473224934	0	0	0.113916710516583	0.00172614714300671	0.0106464451959156	0.26	0.0519407723133773	1.07458529617181
AMC.R101	0.0194762095956056	0	0.0637513695518052	0.242350497776413	0	0.00415590593280746	0.0424185838732703	0.0260024315534308	0.00941249165094566	0.00406535642149961	0	0.0778975593372959	0	0.101903832638416	0.117716776787819	0.193357747895873	0.0226446638913981	0	0	0.0748465730934204	0	0	0	0.355499695795293	0.940751326109451
AMC.R102	0.00577772316792921	0	0.235363238281669	0.128374549432135	0	0.308397234415068	0	0.0133632798563283	0.0652079331835896	0	0	0.0543735432693823	0	0.0399934610618198	0.0208128592601754	0.0713749408625583	0.0199795474853702	0	0	0.0369816897239754	0	0	0	0.416602980999778	0.911043503278858
AMC.R103	0.00551915108974079	0	0.204776897008763	0.164323846216012	0	0.200643939803845	0.0134833071145452	0.0398230868029812	0.0106546225130718	0.0631815292342657	0	0.0461064236890698	3.69309405783702e-05	0.0165118873217566	0.0557675101690921	0.110885340874682	0.014414298825771	0	0	0.053871228395825	0	0	0.17	0.0925646946360884	1.06388383266501
AMC.R104	0.0398420946530017	0	0.0428109896403495	0.182378635807362	0	0	0.0318563579143932	0.0290117372391713	0.000510899626752985	0	0	0.0971631365150092	0	0.0149001714695275	0.155195875251558	0.0821425417115735	0.00456330460872215	0.0698555100792166	0	0.22791013733972	0	0.0218586081436428	0.02	0.280831304435198	1.00049781983409
AMC.R109	0.0340220853382134	0	0	0.164963364100668	0	0.147183542185473	0.152506971567946	0.0154330291249515	0.00833001501288371	0.0361572397684237	0	0	0.0105114260259686	0.043280371678886	0.118071317985078	0	0.0418217223838004	0	0	0.227718914827708	0	0	0.14	0.106158695177784	1.07126815516466
AMC.R110	0.0340365894850724	0.0325272792254816	0.176587270404236	0.110754536724474	0	0.209910604054143	0.0254953955100564	0.0439215044128193	0.020273627662015	0	0	0.0541429300057183	0	0.036499409377098	0.179848307661393	0.0534255655193866	0.00989842717642819	0	0.00151452313243074	0.0110406581552879	0	0.000123371493959104	0	0.506314732866102	0.861551756867057
AMC.R111	0.0455400308109283	0	0.11586870219539	0.231941551504481	0	0.127692163827452	0	0.0566438599600349	0.0169971824723776	0.0225244218305342	0	0.0646023306075891	0	0.0698855098852098	0.126885536825857	0.0587058687448838	0.0183584954130648	0	0	0.0443543459221982	0	0	0.16	0.0966791226263984	1.06652310644055
AMC.R112	0.0203639365932532	0.0249783871204864	0.0733452732513276	0.267312022138176	0	0.107727853256454	0	0.0345695784105344	0.0106568845559064	0.0430507624625103	0	0.0333942864785607	0.00454343897795052	0.0478542227548293	0.0792139861464195	0.181704353132911	0.0345367589306152	0	0	0.0367482557900664	0	0	0.01	0.331589289694469	0.949956637565482
AMC.R113	0.0232042022350085	0	0.223174827745691	0.0977180064679969	0	0.135981942875514	0.0140416915466472	0.0436802648820694	0	0.0177893620511841	0	0.0299809934866629	0	0	0.0738401380807104	0.165225004452445	0.0276839830623566	0	0	0.0899448025015604	0.0162827487076422	0.0414520319045108	0.02	0.2999489916907	0.961896308383397
AMC.R114	0.0105287089689717	0	0.225297014979284	0.139191758914299	0	0.391662748638603	0	0.0352328083643094	0.0249742811274188	0	0	0.00300077126541917	0.0214680771410679	0	0.0214948246477321	0.0558632994651571	0.00979431260676118	0	0	0.0463763499580179	0.0151150439229579	0	0.04	0.20649672553155	1.01927061280119
AMC.R116	0.00423991990828643	0	0.193000849298205	0.0363121792873432	0	0.257028213418533	0.0191053205858369	0.00104850933296048	0.0337021260709632	0	0	0.0304776967771506	0	0.175687136958258	0.0580668962905798	0.11862528741459	0.00477326247684306	0	0	0.0642396072776447	0	0.00369299490280557	0	0.43986103856401	0.897502252010004
AMC.R117	0.0213831904364422	0	0.190107841468471	0.144236577628445	0	0.151102386892773	0.058700665130824	0.00178749527481345	0.0259971151262484	0.0319262652016429	0	0.0823191646153293	0.00259896343040172	0	0.0699847021270875	0.135785130571461	0.0344292384544782	0	0	0.0496412636415828	0	0	0	0.508373430530878	0.861948849639323
AMC.R12	0.0444149598090191	0	0.109022636192017	0.0857310527928974	0	0.284204911648489	0.0266747014509212	0.0147051445015946	0.0365949416459468	0	0	0.00993012684096383	0.00493630967420325	0.0401366318525989	0.108853666230055	0.148708797354819	0.0159308583611089	0	0.0147665659642484	0.0514475260153595	0.00394116966575755	0	0.04	0.188566320736359	1.00904725044719
AMC.R120	0.00770774588445626	0	0.010274400648658	0.0268444240030314	0	0.0441636042427561	0	0.0146033658910476	3.32616543602259e-05	0.000725751671696969	0	0.01920640140112	0.00714977862629878	0.0915368144552528	0.0238259490158589	0.0466460270022504	4.7470541447616e-05	0	0	0.677761917952284	0	0.0294730870094814	0	0.411429780733933	1.03137635316701
AMC.R121	0	0.0135992769506109	0.18489546318669	0.100212176596572	0	0.362485689246572	0.00428501124288444	0	0.00779026862541957	0	0.014669141588369	0.00494348361909473	0.0382871971766554	0.0249758028890241	0.0845357109266194	0.0943284731955678	0.00638099372478594	0	0.0118750197527678	0.0364675064166967	0	0.0102687848616708	0	0.40523353329376	0.914438683141758
AMC.R122	0	0	0.0428334008422497	0.0715834687567972	0	0.105703542895419	0	0.140780000446803	0.0333181009593143	0	0.0209095233594495	0.0149376323255705	0.0157887670782994	0.101196170792088	0.0509696368442137	0.140294087592557	0.0207934698238523	0	0	0.240892198283386	0	0	0.0600000000000001	0.155792901285983	1.03738600572619
AMC.R123	0.0749319936045348	0	0.218578969171214	0.116511061922728	0	0.143648198762425	0	0.0152075092407983	0.0622249351968951	0	0	0.0436861683311004	0	0.0774208624968054	0.0560530675762877	0.132514373057306	0.0126007216453392	0	0	0.0304327756067856	0.00240216817148512	0.0137871952162962	0	0.480271101109778	0.87748627977515
AMC.R124	0.0685983500244074	0.00411828089471464	0.067398543890268	0.0642824246502731	0	0.210733205482211	0.00905122768790923	0.0362124674208819	0.0371329310427571	0	0.00262841288113945	0	0	0.153087118785469	0.0590250279072219	0.150553846450345	0.00754538297574052	0	0	0.121955405279715	0	0.00767737462694682	0.03	0.243801349879225	0.985569853972473
AMC.R125	0.0493402091965024	0	0.0910548246643364	0.126706956567868	0	0.23743505593419	0	0.0154937021875896	0.0470050281891132	0	0	0.0142653656163344	0	0.072407229190157	0.0475440783580545	0.150202627946126	0	0.000983887612434029	0	0.132345852463279	0.0152151820740146	0	0.01	0.32803880337913	0.949086881117641
AMC.R126	0.011387798877223	0	0.0719620373695746	0.234240248930216	0	0	0.0114069883100646	0.0649989572753965	0.0123484229059414	0	0	0.0358605462812781	0.0170454120244666	0.0686191796896573	0.0773300504358196	0.133669454746701	0.0104408714944765	0	0	0.247334788702563	0	0.00335524295662226	0.08	0.142708076268962	1.04975030675552
AMC.R127	0.0037795266901866	0	0.177482011458584	0.0687681875941552	0	0.179675879122807	0.0228363148162985	0.0316227243085753	0.0129870237443031	0	0	0.0158399275280553	0	0.0219016063153183	0.0869866517761836	0.197790781508087	0.0099343192686722	0.00217244058097958	0	0.160130120416241	0.00798935011831701	0.000103134753235038	0	0.389832962925739	0.921456245910622
AMC.R128	0.0065009610001446	0	0.0819276352234115	0.12294744189679	0	0.151718710568414	0.0838576785833061	0.0284665621255296	0.000153376043980633	0	0.0156069879524621	0	0.00182345619980863	0.0955230533136494	0.103219762460447	0.126172422976212	0.00206393530115901	0	0	0.174347097973452	0	0.00567091838123506	0.01	0.343093530568751	0.944452966289749
AMC.R129	0.0587353020722391	0	0.176523269246211	0.106128207036197	0	0.207506962903791	0.0428422136598523	0.0107980931318845	0.0237697707366822	0	0	0.00794864515113246	0	0.0702036013554204	0.0723274667365772	0.141345501001613	0.0111335411803521	0	0	0.0707374257880477	0	0	0.01	0.310518062424145	0.955919045800888
AMC.R131	0.0248527483355897	0	0.00841356671907995	0.0161138158362288	0	0.0989594072658945	0	0.0240777856904529	0.0161432235062815	0.00132275474118276	0	0.024655176315001	0	0.190694838118212	0.0428851290704744	0.0978424934531779	0.00286602140039804	0	0	0.409009669107213	0.00143072766523721	0.0407326427755771	0	0.387997391075773	0.95552444733892
AMC.R132	0.0463550398270415	0	0.0815985144700895	0.100085725470229	0	0.118173378917849	0.0534791586418189	0.0200040491660063	0	0	0	0.0456795185394152	0.0070529551769398	0.0721688128808786	0.0982587213260744	0.196699261097271	0.00231461422216783	0	0	0.155247152930466	0.00161347916082195	0.00126961817293144	0	0.362360910367448	0.934956869607106
AMC.R133	0.0141349419586872	0	0.266360427657969	0.0465450386204316	0	0.29960142526872	0.00344753305465664	0.0144541711347189	0	0.0207188785939689	0	0.0150849620601911	0	0.0347209863142585	0.0735028188812265	0.117161819078467	0.00608053255568823	0	0	0.0865820548619889	0	0.00160440995902702	0	0.528614482686137	0.850660257994132
AMC.R134	0.0165498560532303	0	0.103119400021267	0.0822546157147279	0	0.164053495809963	0.0555675592104008	0.0340535054835626	0.000971600741681422	0	0	0.0496860121888105	0.00300397698914831	0.134163812802447	0.07254127931554	0.0659691996842511	0.00322350764872389	0	0	0.104728998021333	0	0.110113180314914	0.28	0.0450216123976435	1.07211728916521
AMC.R135	0.0965675598380323	0	0.18263310856495	0.105135293574079	0	0.225338189706109	0.0106029995366331	0.0399864174035761	0.0146125544366413	0	0	0.0492774812233064	0.00157768967624277	0	0.0770129193821322	0.149512108989739	0.0194020000521263	0	0.0001257507576552	0.0258077204513372	0	0.00240820640743992	0	0.487072080320038	0.873829934417448
AMC.R136	0.0280044088676503	0	0.109096535951034	0.0831875401821098	0	0.119698590658336	0	0.0431711720291754	0.0373939162189548	0	0	0.0348510147320276	0.0148896774541644	0.0420683255753529	0.0617040836944979	0.140991550187586	0.0562187558995278	0	0	0.223199092206792	0	0.00552533634279085	0	0.379449773589279	0.927156582750014
AMC.R137	0.0261987852674524	0	0.128232669230899	0.208915203279209	0	0.0931522343402674	0.0956386224073633	0.0257180797549518	0.015223487705098	0	0	0.0589852387668642	0.0047060769876071	0.0119156472683422	0.0817632515734649	0.177955253960468	0.0389700901291891	0	0	0.0260113092520698	0	0.00661405007675446	0	0.469720316410464	0.882905764171489
AMC.R138	0.0125903935320924	0	0.224958948353895	0.129274878451281	0	0.188439422762319	0.0134666884039547	0.000123587496515354	0	0	0	0.0911507495780455	0.0164252249966175	0.0284689005457886	0.0930280146753023	0.12599361050375	0.0140000922573393	0	0	0.0620794884430997	0	0	0	0.439464468120978	0.897868722028733
AMC.R139	0.0439800073153235	0	0.290396626882801	0.0717749623892441	0	0.194239223642017	0	0.00239039967692069	0.027696676585653	0	0	0.0448822848405779	0.0144314572297055	0.0481897133843924	0.05335950285671	0.117151083197633	2.38389799684941e-05	0	0.0307998529230714	0.0468893961987452	0	0.013794973897237	0	0.349350093202375	0.943055462125625
AMC.R140	0.0317831243242424	0	0.154696272037613	0.0909463280579793	0	0.21439561953624	0.00419704994143117	0.00202311390157676	0.0267228582141695	0	0	0.0411118227001748	0	0.0792585548349602	0.035394533013156	0.179657536068404	0	0	0	0.130946816526742	0	0.00886637084331023	0	0.363744416670201	0.933190335870357
AMC.R141	0.00987937804945449	0	0.248827490786656	0.0395079946967685	0	0.164776507075448	0.0659542353474273	0	0.000879051075917075	0	0	0.0413215999963698	0.0222605470435414	0.0644253250603487	0.0676098328018106	0.09673306897899	0.0525234328748361	0.000937066698213785	0	0.0968263332116155	0	0.0275381363026025	0	0.453377060341316	0.890778523131348
AMC.R142	0.0496266407941906	0	0.201135347480352	0.0830513117462416	0	0.248332767007277	0	0.0012877795269106	0.0129056017609907	0	0	0.0654344548412299	0	0.0195896227574891	0.0686774023353948	0.129437431315027	0.0340053945151696	0	0	0.0837618525931977	0	0.00275439332652938	0	0.443388238655441	0.895497449115324
AMC.R143	0.0112673158666007	0	0.0235330369441308	0.101060985785335	0	0.234882831919293	0.0522557646105312	0.026455248046472	0.0124541786787136	0	0	0.0362143789178439	0	0.0407239077774551	0.0745865495198434	0.148802614099889	0.0225695832644505	0	0	0.207634852237642	0	0.0075587523318009	0.02	0.276700551233983	0.97989088672831
AMC.R146	0.0796395798726961	0	0.18015232892079	0.112800742209355	0	0.199176330347056	0	0.0135774226257825	0.0344208794976127	0	0	0.0497739894093604	0	0.0207506701918977	0.0869573781966968	0.140311643760938	0.0171579002691971	0	0	0.0652811346986172	0	0	0	0.401018080544743	0.915939211324536
AMC.R147	0	0.017433704758794	0.0859296510294925	0.0264255799051127	0.0376366928078449	0	0	0	0.0421609986893281	0.019734279422524	0	0.050074136730042	0	0.341374864832536	0.0450653800246649	0.101391358870316	0	0	0	0.232773352929345	0	0	0.08	0.149280681332228	1.07295088046424
AMC.R148	0.0208290117896379	0	0.237895098359961	0.143339327599731	0	0.120674273282103	0.0116784364029026	0.00878002647442569	0.0175808358329724	0.0470322505724926	0	0.0109899649038185	0	0.0616020956654622	0.0958589877829514	0.133119382027687	0.040435213439232	0	0	0.0501850958666221	0	0	0.47	0.0220083073231146	1.08635271396075
AMC.R150	0.00208123543801105	0	0.100915818624876	0.190326140187501	0	0.0138296497921885	0.216072963392506	0	0.00360169850300548	0.061887722966027	0.00287881753607309	0.0150784226077867	0	0.0734172895077091	0.0718544958318413	0.0682200274793244	0.00989053748252649	0.000131747612206968	0	0.169813433038416	0	0	0	0.35859939162827	0.938449588675727
AMC.R155	0.0103898023515914	0	0.102134642209138	0.115425964346998	0	0.234879245677081	0	0.0374750809276355	0.0179161283219931	0.0143233672304871	0	0.00793093855137709	0.00578277203523753	0.00229294879520233	0.0343860007597155	0.168079666797498	0.0424097280828606	0.00506328046884011	0	0.201510433444346	0	0	0.02	0.277972078222909	0.974103439515821
AMC.R156	0.026861427335903	0	0.100880472335202	0.182427946994882	0	0.129969874921331	0.0455288165635679	0.0518915638193252	0.0068843165897253	0	0	0.0702056135751096	0	0.0523680637642993	0.161536507238274	0.11566609070408	0.00539015167543471	0.0296682066337506	0	0.0207209478491148	0	0	0.01	0.307267180448901	0.967571138067125
AMC.R157	0.0029768468954399	0	0.081735362939688	0.0756254066461226	0	0.0906577383306927	0.00467549356266809	0.0185833474015568	0.0368587904507544	0	0.0062382331650732	0.00144640496367805	0	0.390041669055567	0.0566932753809487	0.192606034844306	0	0	0	0.0418613963635044	0	0	0	0.44521855573213	0.899340300201263
AMC.R158	0.00650835026552425	0	0.066965390665056	0.0718855741583283	0	0.132769028416916	0.0465893363793798	0.0583311092638781	0	0.0026830523904353	0	0.0463240489098605	0.0157904434731405	0.0169150471534207	0.0546920351725417	0.206226835419152	0.00796871089167626	0	0	0.259140354372488	0	0.00721068306820183	0.04	0.202866504032417	1.01922355624039
AMC.R159	0.0458210649496719	0	0.150748205723356	0.0862203286029246	0	0.345512717231117	0.00166245744619214	0	0.0269070874625524	0	0.00885220532769846	0.0096770908358432	0	0	0.0628398987544004	0.159351841676198	0.0357387960070339	0	0	0.0666683059830123	0	0	0.02	0.273955897018605	0.973498638147425
AMC.R160	0.0250054181433772	0	0.186908597289441	0.180881740474484	0	0.19565365919221	0.035895717896183	0.0283971111746128	0.027573568727324	0	0	0.0428952242208922	0.00620504524243466	0	0.0856640065406081	0.0927613122645728	0.0180345475278064	0	0	0.0741240513060549	0	0	0	0.492768341273569	0.870001594527105
AMC.R161	0.0827804849384422	0	0.205894934040724	0.158796232544927	0	0.23627300675548	0	0.0226195290623768	0.0415848296419223	0	0	0.0227355367498443	0.00980163790825288	0.000438718587401686	0.0456817150781102	0.0750755077355874	0.019019676019176	0	0	0.076341937096089	0.00295625384166599	0	0.05	0.172194393534541	1.02460847378708
AMC.R162	0.0481779705252446	0	0.151088475081004	0.107157053909513	0	0.160125295189615	0.136283621991982	0.00535004867275373	0	0.00590663967284335	0	0.0246407230578366	0	0.0666920430462938	0.173810116978793	0.0696943978744783	0.00722683176612461	0.0100817054713511	0.0337650767621679	0	0	0	0.21	0.0606441411014449	1.07488431301619
AMC.R167	0.0840483913481265	0	0.0981867666640111	0.0969071815199807	0	0.141627249861298	0.0514323657111623	0.0127349897256677	0	0.107396993947471	0	0.0096182862063571	0.0551613774759911	0	0.0559825840283666	0.19472641966136	0.0101162273392123	0	0.0610457212768618	0	0.0164793099936764	0.00453613524045761	0	0.456707887757926	0.89114284628374
AMC.R168	0.0359203642110228	0.00634327000386482	0.130829500958207	0.0781491185592394	0	0.406877771601256	0.0311722012214727	0.0141102067071392	0.013187002314053	0.0313544000170866	0	0.0201693918521209	0.0178410210728241	0.042995165503576	0.0466581095726116	0.0372105671884717	0.0105111855220242	0	0	0.076670723695031	0	0	0.02	0.268464321826898	0.981391757643027
AMC.R170	0.0333266653697833	0	0.180669662591243	0.112216357400219	0	0.257521668744149	0.0422215753736443	0.014391461502238	0.0141472637814908	0	0.0137137002566883	0.00863825704108071	0	0.0243326979018222	0.145581018055258	0.054249791373245	0.0127732260434793	0	0	0.0862166545656601	0	0	0	0.363880260958438	0.936696403825469
AMC.R183	0.00701406553361664	0.00693850717681462	0.00804648881126854	0.104282115109292	0	0.0969498368543324	0	0.0555489926036298	0.000590540533945681	0	0	0.124974696051988	0	0.244556201771879	0.023221881447886	0.231814629843007	0	0	0	0.096062044262341	0	0	0.13	0.108649826401051	1.0734713762522
AMC.R2	0.0889914724665741	0.00669648809118102	0.136845843200887	0.104415989340997	0	0.146374039510587	0.0386328954066389	0	0.0877419275477707	0	0	0.0904315778745923	0	0.0538497509451958	0.0377148366517887	0.0552321617467286	0	0.00780215097706304	0	0.145270866239997	0	0	0.12	0.113869460470888	1.05171260684718
AMC.R212	0	0	0.00356258695307932	0.104706507890898	0	0.0431851792694619	0.0801125713358857	0.00341070250310281	0.00187190323119485	0	0	0.0256404468566475	0	0.194357868214087	0.0284445309350264	0.261240495846416	0.0119306294173101	0	0	0.240834336919233	0.000702240627657338	0	0.04	0.186372295678181	1.04385687704023
AMC.R223	0.0764470018022446	0	0.0472608037690508	0.12836203434992	0	0.302248912027091	0.0350470324429921	0.0507731328962508	0.0487092403289289	0	0	0	0.0116923217860565	0.100294961496266	0.081716892406642	0.0333613682901222	0.0176856754705903	0	0	0.0664006229338436	0	0	0.05	0.16520096748025	1.02500037027488
AMC.R225	0	0	0.00757777749661667	0.19179369708949	0	0.0119987451393233	0.155829605995545	0.00849830500488474	0.0126627019085816	0	0	0.0690572178818803	0.00412340337136019	0.0506849850475267	0.075303472620243	0.0887010672873013	0.00127555223335094	0	0	0.316447936386302	0	0.00604553253759456	0.14	0.105488148087257	1.1019323451428
AMC.R229	0.00744239127121211	0	0.219607091973991	0.168108275415041	0	0.104760588969214	0.0107431025745486	0.0165295992719503	0.0514188586727044	0	0	0.00949563199989928	0	0.0879569313545487	0.0315612299021833	0.0734077675415411	0.00645107971179029	0	0	0.138841071001342	0	0.0736763803400331	0.09	0.138787128338786	1.03588528585038
AMC.R23	0.0323851151893502	0	0.0681795532254687	0.0216059063282946	0	0.236336101907521	0.0488698750971985	0.0280652498607132	0.0416976531611503	0	0.0168369621886715	0	0	0.144957031495778	0.107478677065986	0.11358452465927	0.00827065903593882	0	0	0.131732690784658	0	0	0.04	0.180807593276234	1.01544054652073
AMC.R230	0.0690221648999672	0	0.131717520574092	0.0751360006667758	0	0.141827680274458	0.0317741968299331	0.0245916035515191	0	0.0548211915539839	0	0.0420440510197092	0	0.109824719771715	0.107226028837502	0.122153687468229	0.0270452433512884	0	0.0628159112008273	0	0	0	0.01	0.338331456568421	0.943186226317129
AMC.R231	0.00704735061344937	0	0.215679127207316	0.165029409801176	0	0.360947411826852	0	0	0.0262981350060175	0	0	0.0435871477221905	0.0102159832382134	0.0426733771987698	0.0417845692370816	0.0538891995743739	0.00606429737408007	0	0.0141421175574696	0.00388986033867808	0	0.00875201330433167	0	0.375312822460984	0.933775456629314
AMC.R232	0.0725798759084519	0	0.187534729944643	0.147459157022184	0	0.230537886514096	0.00734738452056454	0.00179818171519106	0.00695849929265272	0.0174336433281539	0	0.034454794998625	0.0082541300256774	0	0.0741794212289233	0.0706343899985461	0.00118786366610239	0	0	0.139640041836189	0	0	0.04	0.207885764351482	1.01120075866593
AMC.R233	0.0963222847586268	0	0.188299130461701	0.131405663801311	0	0.326711804922212	0.00446044262638248	0.0210715078499795	0	0	0.00549787355019781	0	0.00712183548484311	0	0.019651391589475	0.144679778746481	0	0	0.0174520016594531	0.037326284549338	0	0	0	0.365385053514517	0.934269200341044
AMC.R235	0	0.00172971962127145	0.0142950597063545	0.234818749426069	0	0.0170316153232032	0.0674207445941917	0.0765302495055948	0.0470924448603975	0	0.013386106642743	0.0412967970284395	0.0144512400301594	0.0891086569364278	0.0516722317623815	0.0997616582588805	0.0127236780136617	0	0	0.218338515902429	0.000342532387796281	0	0.04	0.193328823221304	1.02562865578492
AMC.R241	0	0.0857916219894213	0.0122197861993636	0.274025371563896	0	0.0260189333537618	0.0141288974503051	0.00528516061046897	0.043539223930296	0	0	0.183585359844013	0.0280709362780381	0	0.072503678156895	0.0339747955160351	0.0184924022629352	0	0	0.184353910037396	0.0180099228071749	0	0.04	0.211365116920011	1.04532110355027
AMC.R243	0.0120874021159077	0	0.0253902743732811	0.193960160364841	0	0.00243482254152865	0.0725984724185979	0.0613508615881158	0.043823883862242	0	0	0.0625059048672901	0.0179405217700325	0.108099574310184	0.0768411517820175	0.0358676894414219	0.0653217377218996	0	0	0.194366217884021	0.0274113249586187	0	0.11	0.120231553336914	1.05394960283536
AMC.R245	0	0.000658740526225993	0.184065520450925	0.0771578366679952	0	0.142351122143902	0	0	0.0389353054635562	0	0	0.0879777783723841	0.026249834384388	0.0276134397074842	0.0619943820013038	0.0897240944163757	0	0.0306995651334097	0	0.224276031436348	0	0.00829634929570263	0.03	0.254756833731458	0.995647480235784
AMC.R246	0.0268541282501145	0	0.310589987468367	0.108779937335684	0	0.158226299313059	0	0.0761311081316439	0.0236855036327289	0.032212108463549	0	0.0282191211457523	0.000411434467326867	0	0	0.0364268766638561	0.0223162031863985	0.00936960114282321	0	0.152977490378428	0.0138002004202692	0	0.05	0.162966468608911	1.04486009474713
AMC.R248	0.0286471588225172	0	0.494121688515453	0.091678029524376	0	0.136203878662564	0.0285664014572481	0.0064404868076669	0.00654441500416045	0	0	0.0179009081593475	0.00522223625801631	0.0691120691062562	0	0.0497702771564755	0.00350039507275259	0	0	0.0622920554531662	0	0	0	0.568567414582261	0.824681221242252
AMC.R249	0.0384402651848706	0	0.126278675076652	0.145553111698671	0	0.27633959146101	0.00814667646629001	0.00341799854062902	0.014017961786919	0.0231596182287961	0	0.0386945668953313	0	0.0626376153837623	0.062262058271493	0.11715031643502	0.0169361540690749	0	0.0398730091567205	0.0270923813447598	0	0	0.01	0.322589460001949	0.952304819004725
AMC.R25	0	0	0.0722105171166262	0.0632798209312958	0	0.296560117064779	0.0892741873103063	0	0.00160711893411373	0	0.016285027092596	0.0243044413767879	0	0.185798177912103	0.0462345412488295	0.0849622034041145	0	0	0	0.119483847608448	0	0	0.03	0.228868838856349	0.996841710913489
AMC.R253	0	0	0.103547407700234	0.259276504218141	0	0.00754241276485075	0.0261516686086142	0.012142160560924	0.0315182245444142	0.0626949418720851	0	0	0	0.320677363144448	0.0488216006476539	0.0559807646023751	0	0	0	0.0716469513362599	0	0	0	0.500919658757	0.864789777999783
AMC.R256	0.00663798710144113	0.00103637415098502	0	0.0852851569252704	0	0.0724384075805766	0.0216838531836112	0.00102822839402919	0.00749044576042877	0	0	0.0482278538757753	0	0.355334612914069	0.0911587447923605	0.134454248831644	0.0171522537068069	0	0	0.158071832783002	0	0	0	0.390691688111278	0.935831469945176
AMC.R258	0.0644435204220073	0	0.200145053124275	0.0500562352073804	0	0.296452220264657	0.0451007541102575	0.00121965704628162	0.0258433954186042	0	0.0282699850110975	0	0.0139423632200625	0.0237995606983985	0.0362302510215537	0.0864205938769454	0.0126754554796719	0.0183495385448198	0	0.0970514165539878	0	0	0.04	0.198219164104201	1.0057773188958
AMC.R259	0	0	0.14072551141812	0.282553712976772	0	0.159839370171951	0.0202236039696195	0.0384780638460799	0.0137638960353029	0	0	0.0249211974642654	0.0220773470362866	0.0408109780150373	0.0530293432417886	0.115767959875107	0.00206648202557138	0	0	0.0635919409255981	0	0.0221505929984999	0.15	0.0990380816652107	1.05502257690507
AMC.R261	0	0	0.0211599896793661	0.0857815528500577	0	0.261103999986547	0	0.0391322281807993	0.00368807681341332	0	0.0230591538122258	0	0	0.266205453157274	0.0490995168230686	0.201031504260226	0.00582269251760828	0	0	0.043915831919414	0	0	0.03	0.24972093642132	0.995412550938007
AMC.R262	0.00128784047636775	0.0402770690228723	0.0622817998098192	0.0653612659207761	0	0.0414001491189776	0	0.0233317751286882	0.0280137826921932	0.0567926931154645	0	0	0	0.26288393613407	0.0677413576778852	0.191287677468322	0	0	0	0.159329133772403	1.15196621611189e-05	0	0.04	0.176950367233602	1.03383079421875
AMC.R265	0.0143105954369152	0	0.131931625277662	0	0	0.193375290108628	0	0.0200633381548234	0	0.0303403832557194	0	0.103056935281803	0.0204020189176976	0	0.0903504962172138	0.0738024895193202	0.00855670258878864	0	0	0.300248873803086	0.0135612514383429	0	0.2	0.0682491285262004	1.10974252099928
AMC.R267	0.00144610795082868	0	0.0788569527819223	0.00957574576527902	0	0.168170009719578	0.0369558987742487	0.0396592861683363	0	0	0.115069955666	0	0	0.265145988260782	0.070206797175444	0.104692931274549	0	0	0	0.107244906810202	0	0.00297541965283036	0.53	0.0153341091638495	1.09608471311588
AMC.R270	0	0.0501674111672423	0.0342477409369283	0.0670199565324442	0	0.108067212773049	0.100864368562149	0	0	0	0.0222173702133977	0	0	0.182840406779066	0.0304077144230642	0.0352308847515608	0	0.00834345516297371	0	0.150840001975952	0.00661435458379133	0.203139122138381	0.18	0.0876026856427493	1.07233693882851
AMC.R278	0.0443648295628638	0	0.0987164374126476	0.0507615645672919	0	0.243583055802176	0	0.00749716246439044	0.0207022715854878	0.0177007668760966	0	0	0	0.129655219794568	0.0330377063199574	0.107335331352273	0.0120054256694888	0	0	0.234640228592759	0	0	0.04	0.211146827434753	1.00959190504468
AMC.R284	0.0248425528022796	0	0.00694077479875878	0.0160679332097734	0	0.359881226109267	0.031824911339689	0.0332976573310078	0.0085677719092634	0	0.0275934695164937	0.0358758078414896	0.00328232301149303	0.0710941106614514	0.0727599991321738	0.144930100034388	0.031250206433657	0	0	0.131791155868814	0	0	0.05	0.17269462421293	1.0227614519941
AMC.R289	0	0	0.0531501614602897	0.0988356231359985	0	0.379240524798514	0.0804864162825595	0.0157626047068107	0.0157004224447851	0.00100498763974078	0	0.0401225508925208	0.00621578971580786	0.031259887285343	0.0551410066742237	0.0841436411772103	0.0177469356410052	0	0	0.121189448145191	0	0	0.02	0.287682534719661	0.973643285061286
AMC.R290	0.02041312046865	0	0.0655309352960248	0.0740362798352215	0	0.0880388551543809	0.0908336507272392	0.0415626883745979	0.034615633911383	0	0.0142908054170271	0.011835063400668	0	0.090448973150705	0.0344444524287312	0.136750624330202	0.00585002290742771	0	0	0.28663770320751	0	0.00471119139023204	0.05	0.168825752978058	1.03862561580452
AMC.R293	0	0.000987874438652827	0.0273215221351852	0.128527583761686	0	0.257882111506137	0	0	0.0609500356218958	0	0	0.0797597718507836	0.0260341921003463	0.0776309111713272	0.0601762912090728	0.146253549935311	0.0682902195776645	0	0	0.0661859366919384	0	0	0.4	0.0318124263105728	1.08250003718836
AMC.R295	0.0296507186967471	0.0310926035466844	0.0285095662586571	0.10232425061694	0	0.268999206249075	0.0473185928152972	0.0982110847963776	0.0130219094941769	0	0	0.0363806131995068	0	0.0371366572014965	0.151930002445854	0.0268607935260341	0.00128662052894822	0	0	0.127277380624206	0	0	0.14	0.106975317236599	1.06766759655235
AMC.R34	0.00127993764073077	0	0.107221930305311	0.0846770648140025	0	0.1306507726488	0.0507041183751795	0.01720627785416	0.0354584615681358	0	0	0.00898753657946299	0	0.236071771184972	0.0692421335441966	0.160628498891836	0.0101864925268649	0	0	0.0876850040663481	0	0	0	0.412373545764597	0.911073008632907
AMC.R39	0.141260156456196	0	0.0662847847471478	0.130603298017199	0	0.224596526918837	0.00932430615745554	0.040001487179253	0.00950286400181231	0	0	0.118285021035825	0.00490776824500123	0.124059325452175	0.0742331213870371	0.048863158092915	0	0	0.00807818230914564	0	0	0	0.38	0.0342435737616117	1.09037569160575
AMC.R4	0.0378688865620783	0	0.0552797688347983	0.0695000999673659	0	0.0826917688039324	0.1072610642129	0	0.0136695309510756	0.00635630751228144	0	0.071282196602979	0	0.142096822973999	0.05824553027731	0.201897938789496	0.0358099659730797	0	0	0.107455200268745	0	0.0105849182699594	0.03	0.255862297119168	0.983465041136667
AMC.R49	0.0215592458744753	0	0.205225396599031	0.111589114984927	0	0.175503330281126	0	0	0.117271522370923	0	0.0131156190299273	0.025771875860583	0.027540135046601	0.0604226829183277	0.0343490656527096	0.0783684294402791	0.0137251897437217	0	0	0.115558392197368	0	0	0.11	0.121931466163489	1.04080939566828
AMC.R50	0.0434723502864585	0	0.0707119281565896	0.12862059782919	0	0.174894013345205	0	0.0312018611360036	0.0535496285610424	0	0	0.0556060757720247	0	0.116832520704924	0.0846115368112218	0.111912108551272	0.00253522360127185	0	0	0.126052155244796	0	0	0.01	0.339400179233373	0.946126537123085
AMC.R52	0.0532374617657934	0	0.132531787037831	0.0524429590150893	0	0.337988640484279	0	0.0153958529222648	0.0316496371715133	0	0	0.0434322525359554	0.0301102871809845	0.0206772278076558	0.0627707000466553	0.0939789655610221	0.0115528855111149	0	0	0.114231342959841	0	0	0.0600000000000001	0.15647434968728	1.02557003035291
AMC.R54	0.0137625948629069	0	0.121785226344518	0.0124854000430407	0	0.273962019519418	0.0690015034080913	0.023879312150951	0	0	0.0151292294696794	0.0159592767236063	0.00581163575297553	0.0328937506578483	0.0240112247476115	0.14305497813097	0.000348357832580971	0.0131783881091762	0	0.217295501272729	0	0.0174416009738964	0.03	0.223253962667205	0.999451674196691
AMC.R57	0.0631478532591583	0	0.033359073010942	0.0973817888832857	0	0.276083050467579	0.0699928154746132	0	0	0	0	0.0603350147740333	0.00415568337040466	0.0314923378113774	0.0896743539938202	0.167922495704343	0.00936269984041621	0	0	0.0970928334100264	0	0	0.04	0.17674570259421	1.01926346405269
AMC.R75	0.021495726908588	0	0.0659404965878494	0.0919540518836633	0	0.0976240023777414	0.100514512759647	0.0501285287148158	0	0.00560604315937995	0	0.0398641510572138	0	0.151230550591222	0.0559208552105556	0.13856122139985	0.0360136108191656	0	0	0.137198034392959	0	0.00794821413734897	0.05	0.161523279354117	1.02271498884634
AMC.R8	0.0433093067925717	0	0.0601220280615911	0.015132041464299	0	0.170112065241328	0	0.014689232009314	0.0223018829261617	0	0.0419993113217287	0	0.039808951743113	0.176917138639209	0.0176932983736729	0.133123242835449	0	0	0	0.25506557533543	0	0.00972592525613197	0.03	0.225571295385127	1.00906042189697
AMC.R85	0.0599499880681701	0	0.258762255373008	0.0818989793401678	0	0.227975488786381	0.0407599176195571	0.0334812118784325	0	0	0.0239097617782689	0	0.0143534802423524	0	0.0200320791087071	0.154474888794761	0.00505893191960186	0.00887814200145949	0	0.070464875089133	0	0	0	0.358109549972317	0.937250740601093
AMC.R86	0.0114557702371448	0	0.0274132212512796	0.275618712100895	0	0.0163456772307648	0.17442027471532	0.0113623318419195	0.0171062833523398	0	0	0.116190879854652	0.000341652192533329	0.0583703596513435	0.0768794980019514	0.127588934542348	0.0116410962597703	0	0	0.0752653087677388	0	0	0.01	0.330140584410562	0.958565702537682
AMC.R87	0.0696264072446668	0	0.0471790886270025	0.0684856757043074	0	0.0730559123237959	0.0244745661075378	0.0487786866642236	0.0403481132725661	0	0.0246031132688613	0.0353220643076733	0	0.0947310077370606	0.227949799542344	0.133368657038849	0	0	0	0.112076908161112	0	0	0.02	0.301070767717779	0.978965537353596
AMC.R88	0.011578753516848	0	0.155418254760003	0.0465722204198227	0	0.233555420073733	0.0203355232867244	0.0243619408102789	0.00619110054192428	0	0	0.0317997045203851	0.0048801760556237	0.0878201461445672	0.0443666796974706	0.136422888197787	0.00869457338377021	0	0	0.188002618591062	0	0	0.12	0.118732996274941	1.04538753286633
AMC.R90	0.0244753423684198	0	0.143011803713622	0.0805962791492414	0	0.177902990452142	0.033063710695129	0.0359424188441242	0.0108960775597859	0	0	0.0609492280025669	0.00786617706260333	0.0409580696325088	0.0917291937705139	0.129834909980947	0.040212138194581	0	0	0.121335565117919	0.00122609545589602	0	0	0.357270272766341	0.936120629753142
AMC.R91	0.00288117839648132	0	0.000895235190249091	0.12408325788918	0	0.0976883817921861	0.00955653743032333	0.059215989761642	0	0	0	0.0697356369221315	0.0131045819428892	0.0647952838855595	0.114581701486149	0.141650930791935	0.0395009523813501	0	0	0.260228849999226	0	0.00208148213069748	0.01	0.307187904565708	0.977950218866759
AMC.R92	0.039655981660054	0	0.178537843364772	0.149856708938729	0	0.206263120857591	0.0553069942286566	0.0128191476131341	0	0.0256300970529779	0	0.0350833670761451	0.00178938995096574	0	0.0443646603618389	0.121167216090163	0.0281099497296926	0	0	0.074405532300725	0.0270099907745553	0	0.03	0.238216700358182	0.989531200155817
AMC.R93	0.018415627131944	0	0.0563116211002369	0.201937482328156	0	0.170400689565023	0.187120863512667	0	0	0	0.0225162392176653	0.0236928039619426	0.00763265284971482	0.0421250929247967	0.0536172162022508	0.0613051937138586	0.0110255604980537	0	0	0.143898956993691	0	0	0.04	0.173269114347557	1.02531446613589
AMC.R94	0.0218825190555458	0	0.193786651638017	0.0952412304885195	0	0.125162395068238	0.061542642115069	0.017424009851935	0.00738118434800905	0	0	0.0547378892370149	0.0463152210481342	0.10309854788518	0.101476720782755	0.0395388631290263	0.0435166199675473	0	0	0.0760961183187969	0.0127993870662115	0	0.03	0.215775971959857	0.999161637603494
AMC.R95	0.0246403775003974	0	0.170408960332788	0.154897204392175	0	0.171751764276192	0.00270699795022235	0.0305375892086803	0.00965884635138822	0.0116933880871875	0	0.0363200899355404	0.022203038913702	0.00757815240903442	0.164625567320528	0.144882715116917	0.015403450054505	0	0.00812696179462225	0.0216382378013127	0	0.00292665855480597	0	0.370066360881501	0.933922154502968
AMC.R97	0.0094514985929885	0	0.0761907631931478	0.0997544844504263	0	0.199657527187504	0.0928189930157007	0.0750959365719076	0.0354944956174235	0	0.00526339420314164	0.0375397384735681	0	0.0834661898409692	0.0961789575778577	0.0817693630673023	0.0311553929860534	0.00593490290015485	0	0.0702283623218548	0	0	0.38	0.0335707765120662	1.07489915032472
AMC.R98	0.0384648572887209	0	0.110481392703094	0.084656017501521	0	0.0894563566738667	0.0398443117333355	0.00207237628590054	0.0133171232820423	0.009600658028778	0	0.0250156497269637	0	0.197474346297369	0.040991018530606	0.232921426239479	0	0	0	0.10174173474598	0	0.0139627309623444	0.08	0.142462301407573	1.03536899107257
AMC.R99	0.0632269686004744	0	0.0597235127239716	0.0696475727326454	0	0.235024720407778	0.000913944681452495	0.0304076987899394	0.00532508637181262	0	0	0.0627275392601303	0.00373738582226863	0.0112325773687753	0.0551632989953352	0.182257359238243	0.0503228227432899	0	0	0.170289512263884	0	0	0.03	0.244417392899985	0.988599319354788
