sample_id	B cells memory	B cells naive	Dendritic cells activated	Dendritic cells resting	Eosinophils	Macrophages M0	Macrophages M1	Macrophages M2	Mast cells activated	Mast cells resting	Monocytes	NK cells activated	NK cells resting	Neutrophils	Plasma cells	T cells CD4 memory activated	T cells CD4 memory resting	T cells CD4 naive	T cells CD8	T cells follicular helper	T cells gamma delta	T cells regulatory (Tregs)	P-value	Correlation	RMSE
AMC.R1	0	0.073076194383698	0.34376033717958	0	0.0233046414671292	0	0	0.0381254130566664	0	0	0.129520085723363	0	0	0	0.0715906549646646	0	0.0160493102827566	0	0.144194218636422	0.0335493872907804	0.0770858007167436	0.0497439562981961	0.66	0.074128532263303	1.07298122669034
AMC.R100	0	0.0519176389099573	0.173688324194667	0	0.245019250182397	0	0	0.074480677057193	0	0.137547798538314	0.165974820000091	0.0397667404745053	0	0	0	0	0.011780012715784	0	0.0619671647678332	0.0378575731592579	0	0	0.87	-0.0637416445655309	1.06683543081049
AMC.R101	0	0.103107301099462	0.0648525949389045	0.011911512677209	0.354786115446704	0	0	0.0132703739467823	0	0.0990753764898249	0.131405101239588	0.0092901900633553	0	0	0.0040951422648676	0	0	0	0.147116182122058	0.0405763645848475	0	0.0205137451263977	0.45	0.17955506869886	0.999870834448697
AMC.R102	0	0.0825937692304548	0.107850469256873	0.00129475426869742	0.214318162110834	0	0	0.0250737660581319	0	0.074720349097066	0.107461179137102	0.0604070984536134	0	0	0.0723827893812112	0	0.103819080848533	0	0.102115704936688	0.0102629938070359	0	0.0376998834137594	0.7	0.052909747309767	1.06020601319594
AMC.R103	0	0.0941399124297645	0.0544991237302173	0.0164665281256918	0.325406118447287	0	0	0.068454078611601	0	0.0580097849923905	0.102210623937884	0.0450841420916863	0	0	0.0326330388160426	0	0	0	0.173481518060136	0.0172017714082636	0	0.0124133593490348	0.61	0.0917050448091222	1.03390295487394
AMC.R104	0	0.0700569655977041	0.0771868072733438	0	0.120896911586176	0.0277074119234992	0.00325481404038984	0	0	0.161747937812945	0.205659352042226	0.0650881118763066	0	0	0	0	0	0	0.19108045336266	0.0647990690175125	0	0.0125221654672366	0.69	0.0641966009310576	1.05694268198802
AMC.R109	0	0.0568991794903737	0.121750536916569	0	0.152152556065502	0	0	0	0	0.166443989891235	0.141239636506036	0.0569113510672057	0	0	0	0	0.121283681698306	0	0.10385268416379	0.0225642490694398	0	0.0569021351315423	0.76	0.0148281909899034	1.08643967729891
AMC.R110	0	0.149955672292743	0.124676056580719	0.0116545956884248	0.15390976770102	0	0	0.0389650058077503	0	0.0207760518442817	0.058258266936883	0.0485244988801307	0	0	0.105245053436333	0	0	0	0.149290186799452	0.105181117500841	0	0.0335637265314207	0.28	0.281335840961821	0.96155196900525
AMC.R111	0	0.0509331442704347	0.0973251298308557	0	0.10787177348879	0	0	0.0325696935450383	0	0.321755555373739	0.0955387600289797	0.0655673879305498	0	0	0	0	0	0	0.176651819880282	0	0	0.051786735651331	0.73	0.044340029934238	1.04428447516471
AMC.R112	0	0.0881993276003988	0.0815362102258574	0.00853400637778075	0.218670311982722	0	0	0.0262115782227999	0	0.0745469515040493	0.211527912285826	0.0321655400841061	0	0	0.0244064679275621	0	0	0	0.200824962955324	0.0251938733746173	0	0.00818285745895615	0.32	0.254385091632379	0.975686233883408
AMC.R113	0	0.10577684805559	0.0984070120314728	0.013035897976649	0.259096846640881	0	0	0.0495280198316565	0	0.0716914066803744	0.13810634661305	0.0144573002538773	0	0	0.0583713108452614	0	0.019814733099547	0	0.132629207502557	0	0	0.0390850704690838	0.58	0.109050199536444	1.02293813793033
AMC.R114	0.0314606800177559	0	0.134521076129691	0	0.105626646379984	0	0	0.052264198324443	0	0.223809439814623	0.103199664172347	0.0094929691640902	0	0	0.0371396835935914	0	0.158915881169187	0	0.137995904503395	0.000326308343042183	0.00524754838784987	0	0.6	0.0979230630188713	1.06108696461544
AMC.R116	0	0.0749480151102064	0.0646305246213695	0.00803952018818003	0.364351172197422	0	0	0.0162983841263463	0	0.0709673726618744	0.185338221405046	0.0219127960769449	0	0	0.058462761773805	0	0.025164200517966	0	0.0843122638949195	0	0	0.0255747674259199	0.61	0.0974618596572815	1.02354027249048
AMC.R117	0	0.0612726687241348	0.0461632439646144	0.03346189673641	0.102333652204642	0	0	0.056483655059131	0.0404230056079614	0.0617879550675858	0.105244841389785	0.0591515648599402	0	0	0.115535244244066	0	0	0	0.294175660777146	0	0.00167103474978783	0.0222955766147955	0.16	0.442606746689884	0.889233540837822
AMC.R12	0	0.0647365579227761	0.0582253191521383	0.0188679859689117	0.248776957292489	0	0	0.0788169710905741	0	0.0453847240644912	0.174592482480083	0	0.0268998807339391	0	0.0633380573194733	0.00274579339722973	0.101237284789623	0	0.0851045757400273	0	0	0.0312734100482449	0.61	0.09326719020292	1.03743525647477
AMC.R120	0	0.0930060096528195	0.056385134110315	0.0121580997108938	0.298839785802285	0	0	0.0456134307189249	0.0791836904788975	0	0.198373010265626	0.0403431734880486	0	0	0	0	0	0	0.157211676237078	0.00500521266963535	0	0.0138807768654771	0.61	0.0965610260278304	1.0334661548314
AMC.R121	0	0.0465088999686994	0.109697086251027	0	0.120157716992394	0	0	0.104202380723371	0	0.0795340919081361	0.153306843247113	0.043979350897791	0	0	0.0418861838787015	0	0.00924713692177678	0	0.24175060108632	0.0304373582158652	0	0.0192923499088054	0.51	0.154835444932172	1.02766136805679
AMC.R122	0	0.0690682657392755	0.0830021767618053	0.0154646285381655	0.343165554318045	0	0	0.0568674044851846	0	0.0337935246733753	0.168533062045204	0.0231240801959171	0	0	0.0134491625864312	0	0.0163112909176294	0	0.119939500041695	0.0256832169532769	0	0.0315981327439954	0.53	0.137754175000222	1.01344479067914
AMC.R123	0	0.0524921726564411	0.112327443343853	0.011388489936344	0.200481828974351	0	0	0.0271587618383733	0	0.0352494598996163	0.187731796771013	0.0161475929598399	0	0	0.0851852612722462	0	0.0827205974647364	0	0.126637440930629	0	0	0.0624791539525573	0.27	0.301051262521378	0.954142088138184
AMC.R124	0	0.0937415555772081	0.103100545458077	0.01813947686884	0.359617629566876	0	0	0.0401400062222862	0	0.0158434895820201	0.140726971205718	0.0149609390457811	0	0	0.0221075476803283	0	0.052157381503487	0	0.107446571548595	0	0	0.0320178857407834	0.22	0.390696582234379	0.912305298257158
AMC.R125	0	0.0798567746609961	0.107214524717723	0	0.199600187037649	0	0	0	0	0.149690829185253	0.152145459517342	0.0516704353902249	0	0	0.0119807079148713	0	0.117718841556899	0	0.0930644516343391	0	0	0.0370577883847022	0.76	0.0294859124733422	1.07158420203094
AMC.R126	0	0.060552841825669	0.0756612349360397	0.011515683238356	0.40286958329333	0	0	0.0399476331557057	0	0.00361255211667553	0.141352559726889	0.0366362633380588	0	0	0	0	0	0	0.179041307974217	0.00740483200408081	0	0.0414055083909781	0.27	0.303137888404855	0.95259014399954
AMC.R127	0	0.0301761967602139	0.114833970010091	0.00983703179336456	0.405455589030863	0	0	0	0.0300692634421317	0	0.189324237233479	0	0	0	0.0239173591283358	0.0163025278584649	0.0265234671165911	0	0.120051059573554	0.0088168124326239	0	0.0246924856202876	0.24	0.331861749807611	0.939329630644732
AMC.R128	0	0.0936021200597208	0.139400482220627	0.00791051267251376	0.346769778475367	0	0	0.0118559634212503	0	0.0829010288447	0.105272790065872	0.0331779003316252	0	0	0	0	0	0	0.124189610986265	0.0109170837828603	0	0.0440027291391975	0.28	0.280549642770899	0.957513492773409
AMC.R129	0	0.0675473058005415	0.114281510919908	0.00435464697592379	0.125214738552355	0	0	0.136171697728789	0	0.0757131654343901	0.108624148679409	0.0351299229647554	0	0	0.0302158019608442	0	0.0568622553029953	0	0.195966834104321	0.0129998669017951	0	0.0369181046739727	0.61	0.0973362647404638	1.05237009394794
AMC.R131	0	0.0594511355118576	0	0	0.167191981398959	0.0870868622896467	0	0.0669217539300034	0.0669019557077727	0.0538072806673355	0.232730888549465	0.0612283469837308	0	0	0	0	0.0155197303495428	0	0.117909415483054	0	0	0.0712506491286325	0.59	0.104885018263615	1.02391607519057
AMC.R132	0	0.0410128443932237	0.118816026849319	0.00777722097627807	0.347422292735251	0	0	0.0104243368987669	0.0364402958332142	0.0238667828778595	0.1625496445921	0.0548765654980584	0	0	0	0	0.0294563954791301	0	0.130884580461734	0	0	0.0364730134050648	0.39	0.206031911135118	0.991481424296707
AMC.R133	0	0.0675798598694263	0.105013183133386	0.00200192913772556	0.387845858178656	0	0	0.0185254854379687	0	0.0351130677337849	0.122130720012111	0	0	0	0.0595559352816908	0	0.067361304772039	0	0.0974200268511857	0	0	0.0374526295920258	0.34	0.242938567666347	0.975424858301341
AMC.R134	0	0.114281153019456	0.0636599276240299	0.0152306397350592	0.262058764493725	0	0	0.0304871888393352	0	0.0709989017844992	0.180363938065624	0.0295205230040088	0	0	0.0266436877886231	0	0.000545502279493537	0	0.146722487704313	0	0	0.0594872856618329	0.23	0.336354532156705	0.935114624382381
AMC.R135	0	0.0921991705270492	0.0794599920885541	0.0230436952470692	0.16021574377482	0	0	0.0571373018820011	0	0.0388477451218676	0.173470846917124	0.0048610618099455	0.0179408704264728	0	0.133210611061053	0	0.0735234291590012	0	0.10380962604214	0	0	0.0422799059429024	0.46	0.173270668115672	1.0033968048821
AMC.R136	0	0.1006264040048	0.0613040228232444	0.0225744135830898	0.406130443595114	0	0	0.0521921456040342	0	0.0214074579393174	0.124746381848005	0.0173257252947177	0	0	0.0194710276076247	0	0	0	0.133960792670859	0	0	0.0402611850291945	0.29	0.272082771142479	0.961568844685425
AMC.R137	0	0.0623967922467428	0.0633116042819905	0.0018467713029844	0.191079392509497	0	0	0.10447556973735	0	0.0601372360435157	0.148551574305476	0.0538249841584518	0	0	0.00566937477540616	0	0	0	0.220598128504191	0	0.0223601413877184	0.0657484307466767	0.16	0.445764496371185	0.885902139479337
AMC.R138	0	0.0504365297677072	0.0688311414029823	0.00690477657421905	0.0477974644238663	0	0	0.0956541914040957	0	0.111429923877166	0.111563467141942	0.0917717561863381	0	0	0.0668581899285274	0	0.00528653089578457	0	0.279217192267166	0	0	0.064248836130205	0.56	0.116370959754651	1.0634494153328
AMC.R139	0	0.0418839706600319	0.0874936801822355	0.00513038373791502	0.2199961378866	0	0	0.0436941591465867	0	0.10989704131377	0.200449486122042	0.0270644550901261	0	0	0.0848524140581059	0	0.0415614897136521	0	0.0991881232487801	0.00867359860223385	0	0.0301150602379218	0.76	0.0200549257294293	1.04763017216951
AMC.R140	0	0.0488377184548658	0.0497089162726107	0	0.251616505767946	0	0	0.0571337128053339	0	0.102276971728365	0.218317183704641	0.00267013566953874	0.0177381629155328	0	0.0202868487533375	0	0	0	0.211192884266738	0	0	0.0202209596610899	0.55	0.130013826662341	1.02796662392262
AMC.R141	0	0.097895957802518	0.102301739981111	0.00922412685739443	0.298501563866032	0	0	0.0607119785901816	0	0.0809011310835217	0.140302411380925	0.00875286667891294	0.00190752187642593	0	0.0401133644506296	0	0	0	0.136809365586058	0	0	0.0225779718462883	0.48	0.163708927264693	1.00070745731852
AMC.R142	0	0.0788573025641921	0.0865294439748709	0.0135670214974933	0.216908155623714	0	0	0.0559097939143796	0	0.0724814317481108	0.139803196047348	0	0.029509377111075	0	0.0667921527670837	0	0.0219014994543985	0	0.163686129250832	0.0286816107648371	0	0.0253728852816656	0.53	0.139801061206625	1.01879811348178
AMC.R143	0	0.125657593405475	0.104016815491656	0.0118157182038733	0.292849630979269	0	0	0.032374208884652	0	0.135302489421053	0.0903801241202007	0.0189929797540644	0	0	0.00648061421298052	0	0	0	0.146669041668877	0.0234484107210753	0	0.0120123731368228	0.51	0.153937745637476	1.00681457907855
AMC.R146	0	0.0763110346211917	0.0823224164204757	0.0128998794682725	0.376101210938464	0	0	0.0226337570550937	0	0.0184216934847319	0.1622058676373	0.0154720617726549	0	0	0.0519851942795986	0	0.0678971108816789	0	0.0871127080419041	0	0	0.0266370653986344	0.52	0.147852848559147	1.01320300238183
AMC.R147	0	0.107924153742533	0	0.0190515199721864	0.20576874402131	0	0.0242123020593446	0	0	0.0847425561629016	0.292418541125083	0.0424228236420139	0	0	0	0	0.099062023309673	0	0.098338870521723	0	0	0.0260584654432302	0.68	0.067771442462691	1.06156499086136
AMC.R148	0	0.111281509507004	0.118587039020756	0	0.221465576900006	0	0	0.0191867192162758	0	0.192840887408677	0.037690161393099	0.0544455108251963	0	0	0.0833802052535558	0	0.0360764515451726	0	0.0835120738610647	0	0.00658586231800804	0.0349480027511852	0.7	0.0552957994213185	1.03043484958197
AMC.R150	0	0.079696365486403	0.134526759160921	0.00411501414641199	0.162025230348036	0	0	0.014802419852182	0.0571184322205239	0.132924332847861	0.0723227939692319	0.0410303229710258	0	0	0	0	0	0	0.224934456057213	0.0588239995674924	0	0.0176798733726974	0.47	0.167265930251217	1.01686375917834
AMC.R155	0	0.0400022378142376	0.202186106581364	0	0.164531275797663	0	0	0.0911451854121857	0	0.0888177193910338	0.104519752059252	0.0285482041743134	0	0	0	0	0	0	0.154892555459268	0.100363003738657	0.0209898025033321	0.00400415706869286	0.5	0.156941571282636	1.01245179680856
AMC.R156	0	0.0546646070873848	0.142628961117217	0	0.130214108949055	0	0	0.0481155246504755	0	0.192965870527347	0.109009249255872	0.00870145024500414	0.0102907509778667	0	0.00347978812721162	0	0	0	0.201510697026126	0.0984189920364412	0	0	0.58	0.108226040470433	1.03526516296057
AMC.R157	0	0.0637355218942221	0.0935346816132117	0.0114515203624809	0.227526737041979	0	0	0.0855064320458595	0	0.154215086608379	0.117578216781071	0.0129694886722458	0.00239876640636671	0	0.0396292830649944	0	0	0	0.135959288167537	0.0108500001877959	0	0.0446449771538572	0.69	0.0652155563187385	1.02808043798959
AMC.R158	0	0.0733991351913094	0.0817916706162728	0.0176907297880312	0.503487762922894	0	0	0.00588974818342627	0.00328216181562479	0	0.166996524593589	0.017577723928366	0	0	0	0	0.00971440991049197	0	0.0940192790528429	0.00604384507626073	0	0.0201070089208914	0.34	0.241038969055757	0.977293035049345
AMC.R159	0	0.0731483326321453	0.0935637515207739	0.00664083910017301	0.365711153555794	0	0	0.0233501122421721	0	0.0615293144226111	0.158586689660461	0.00775704890308573	0	0	0.0518817706034077	0	0.0371011514485952	0	0.102147536131405	0	0	0.0185822997793765	0.5	0.157207364347744	1.00556342995664
AMC.R160	0	0.0687154974488181	0.11407535707099	0	0.248261357155748	0	0	0.0384226304656469	0	0.0693357905676517	0.136823792402044	0.0596139991987469	0	0	0.00529184334376044	0	0	0	0.197116658429671	0.0346925971432525	0.0128420888106135	0.0148083879630563	0.29	0.27609925656827	0.967494819636442
AMC.R161	0.0319824802965094	0	0.185690196000997	0	0.0786635932824226	0	0	0.00297043508883171	0	0.27339689340746	0.13429334762642	0.0722984987436791	0	0	0	0	0.0588730676220864	0	0.0694530938742773	0.0217530658750223	0.0538371646149169	0.0167881635673772	0.9	-0.0756293110779887	1.09294965059661
AMC.R162	0	0.0892023957858351	0.206004533237333	0	0.180033172980119	0	0	0.0222696032489115	0	0.101524647180305	0.0801315784300843	0.0387896269904234	0	0	0.00576235354607131	0	0	0	0.15624420125555	0.0554830808472463	0.0208105452016084	0.043744261296514	0.67	0.0727196993491342	1.0493111428777
AMC.R167	0	0.121070597386805	0.0797146769547604	0.00509652152413078	0.148526108495112	0	0	0.0727421042575178	0.0960130193729011	0.111750669647399	0.148901310990261	0.00573040351344097	0	0	0.0227197363990995	0.000419383035021842	0	0	0.126747694766173	0	0.0248950221157482	0.0356727515416292	0.07	0.608248675870447	0.82556270074118
AMC.R168	0	0.0914791126509583	0.101802055045939	0.00413299743380348	0.0668225780144841	0	0	0	0	0.0506491535307609	0.10596636946671	0.0602963225346161	0	0	0.0313995387590116	0	0.290828213397932	0	0.074615068839375	0	0.0183837888009419	0.103624801525467	0.38	0.209690659942764	1.07353811233655
AMC.R170	0	0.0808335797562127	0.132669746809242	0	0.237300889723257	0	0	0.0362398336022257	0	0.0838940451302042	0.125841351850165	0.0409422493263091	0	0	0.0222326867269068	0	0	0	0.154768509086585	0.034436088757369	0	0.0508410192315229	0.55	0.12935401682363	1.0188249267016
AMC.R183	0	0.0989781089920028	0.15303056490107	0.00272182609407309	0.447252730141774	0	0	0.0193006807417351	0	0.00713777498556671	0.126993015037208	0.0357774081523866	0	0	0.0297348709392553	0	0.0183921376154383	0	0.0393668452427977	0.00691170537585608	0	0.0144023317808356	0.76	0.0305480597837237	1.04914543226581
AMC.R2	0	0.108054844411152	0.165944247713507	0	0.155668431655845	0	0	0	0	0.0402580854544245	0.200924018268658	0.0784334260285239	0	0	0.0279627500720593	0	0	0	0.182792905338374	0.0126549402263002	0	0.0273063508311564	0.76	0.0285823687099556	1.07906597355377
AMC.R212	0	0.0788288922963847	0.075666831782212	0.01968999421514	0.517075719045151	0	0	0.010722920091497	0.00864416341297723	0	0.15861083668247	0.0074701553305306	0	0	0	0	0	0	0.0977123615993923	0.0230578608397646	0	0.00252026470448086	0.26	0.315167698753433	0.947630024145238
AMC.R223	0	0.0663076408637426	0.124835573002876	0	0.188510947732512	0	0	0.0416283040551972	0	0.118140688439571	0.143634856721929	0.0449929198190548	0	0	0.0192459267706713	0	0.0461165509324021	0	0.106717645625874	0.0700646046733199	0	0.0298043413628511	0.75	0.0356179283895555	1.0534346703186
AMC.R225	0	0.0623773841965855	0.0700838671994286	0	0.16459900880794	0	0	0.0690117672069993	0	0.11473581306245	0.141110214951341	0.0586700321797705	0	0	0	0	0	0	0.280248629543389	0	0	0.0391632828520969	0.59	0.103175644367602	1.06338368878146
AMC.R229	0	0.0757144036397096	0.0866208062083426	0	0.155551083442752	0	0	0.0630059577569984	0	0.0877357726939262	0.219664893239335	0.0414820695058278	0	0	0.058636215751892	0	0	0	0.17221802831415	0.00407654680509942	0	0.035294222641968	0.53	0.137246870622477	1.01638398155786
AMC.R23	0	0.0783165714514198	0.104909127138359	0.00963219430900626	0.44936428440431	0	0	0.0187985153809219	0	0	0.153325816707461	0.017468849694931	0	0	0.0140972076812568	0	0.0202994395789906	0	0.100583293608046	0.00862424753649767	0	0.0245804525088	0.23	0.36088621816024	0.926411592060433
AMC.R230	0	0.0770239181246824	0.0734539871655156	0.0169129033421161	0.466643090650889	0	0	0.0127253261607429	0.046152640680122	0	0.126122355046825	0.00913555317591538	0	0	0.0161622168691157	0	0.039225234977666	0	0.0972629860235215	0	0	0.019179787782888	0.35	0.238922842065082	0.976852304891308
AMC.R231	0	0.0362234139036391	0.0906685024379928	0.00225107954998807	0.145203900458823	0	0	0.0253886181439221	0	0.11159029900545	0.0985168408985398	0.0219638604486336	0	0	0.093430461043997	0	0.175902193103437	0	0.125821890613287	0	0	0.0730389403922902	0.49	0.159478331907465	1.04099391920443
AMC.R232	0	0.0914435589576567	0.0809443458467673	0.00861353148703362	0.1787046257478	0	0	0.0203429778147845	0	0.19698034836116	0.14107845594548	0.00417780230022874	0.00471479148203914	0	0.0513824899962494	0	0.0760241429746981	0	0.111444431450218	0	0	0.0341484976358841	0.79	-0.027845679639598	1.07545627974824
AMC.R233	0	0.0777591471490552	0.0907837001826958	0.0138405534050199	0.408730471570324	0	0	0	0.00727019042972268	0	0.155765454489687	0.00549997643665212	0	0	0.0586329788931566	0	0.0973283788536208	0	0.0646609160572618	0	0	0.0197282325328042	0.22	0.386208918803251	0.91495430961179
AMC.R235	0	0.102462313120978	0.15984878675813	0.00671383420746718	0.156292647673036	0	0	0.0292282507428351	0	0.0983689822576022	0.0810036008463834	0.0633456571047238	0	0	0	0	0	0	0.196066948195285	0.0922557979178115	0	0.0144131811757482	0.67	0.0714311561478918	1.06116063992512
AMC.R241	0	0.05306678411046	0.0421439220003808	0	0.188230288445991	0	0	0.0281952012452608	0	0.177395199198285	0.175871798731153	0.0620844241744243	0	0	0	0	0	0	0.239935677911121	0	0	0.0330767041829238	0.49	0.161708746112959	1.02162025004275
AMC.R243	0	0.0540139785799645	0.0461918815115395	0.0117188064918338	0.207245237665983	0	0	0.070910855872802	0	0.18278933878093	0.111780902256518	0.0263839502433411	0	0	0	0	0	0	0.239271636283252	0.0163980455766885	0	0.0332953667371486	0.66	0.0735691166471693	1.0510489790148
AMC.R245	0	0.0597492762911601	0.115346472844221	0	0.28435253506596	0	0	0.00181816162245612	0.053246088732277	0	0.198308624520077	0.05932438102192	0	0	0.0395753020310065	0	0.0245343761122613	0	0.0871488750737738	0.0415701775036765	0	0.0350257291812101	0.77	-0.00746230034648274	1.06397745603177
AMC.R246	0	0.0615210460151765	0.11460023553333	0.0240034325078444	0.338981464904541	0	0	0.000813200225938885	0.0310494687092294	0.0145842452362372	0.106785692543527	0.00428851333982339	0	0	0.0743812824897612	0.00290514883259822	0.0412833803456251	0	0.131100400285035	0.0414526417577292	0	0.0122498472736025	0.43	0.190163048144476	0.996398452331841
AMC.R248	0	0.0187411383822097	0.143099773100193	0	0.15007312323654	0	0	0.0461881986549323	0	0.0927119352445161	0.102163421720474	0.0270449580499275	0	0	0.211759826470689	0	0	0	0.165542625100195	0.0256019460050616	0	0.017073054035261	0.58	0.105826240831515	1.02156707756051
AMC.R249	0	0.118076905475897	0.0874649677471125	0.0163713331786839	0.129378953851545	0	0	0.0620433652847977	0	0.17570930378042	0.104471736207733	0.0162474500985115	0	0	0.0614918849553836	0	0	0	0.206598259204209	0	0	0.0221458402157062	0.7	0.0544681555538142	1.04872598589437
AMC.R25	0	0.0563992920816707	0.0825768708117825	0	0.455022959045062	0	0	0.00943318970234737	0.0138214718995534	0	0.172013260291362	0.00627380144364053	0.00161527444596915	0	0	0	0.0197880007549617	0	0.142508125858681	0.0207584164937705	0	0.0197893371711995	0.36	0.225757631128588	0.98728817086419
AMC.R253	0	0.109172869168486	0.0706175477479057	0.00466232771280663	0.156232650832015	0	0	0.0672475260271439	0	0.113327126990134	0.0659637873016727	0.0480786324183784	0	0	0.0112681853111648	0	0	0	0.295885890971841	0	0.000288194776953971	0.0572552607414974	0.35	0.229396081762707	1.00752890087568
AMC.R256	0	0.0548302799842976	0.11990906224532	0.0039284185693544	0.397925842103513	0	0	0	0.00579247192685902	0	0.212729220133604	0.0258531248275593	0	0	0	0	0	0	0.141492244670179	0.037539335539314	0	0	0.53	0.139853109499482	1.02112061907556
AMC.R258	0	0.0233830342383935	0.0341254097279539	0.0084564121179254	0.123490932701898	0.00685409733973411	0	0	0	0.295492728862297	0.237957800339398	0.0332483095289371	0.0116075363833793	0	0.0318395159531013	0	0.0448283424409025	0	0.108847015170176	0.0259835525033357	0	0.0138853126925685	0.77	0.0114923140883564	1.0519492947767
AMC.R259	0	0.0828863347506766	0.07189782214533	0.00358842492267011	0.340268040773439	0	0	0.0202290678093289	0	0.15069206115676	0.145934830295485	0.00312127150543403	0	0	0.00335102415774544	0	0	0	0.159556471821912	0.0184746506612202	0	0	0.61	0.0959814783201622	1.03041790522679
AMC.R261	0	0.039930391971877	0.104124362256549	0	0.437114416297483	0	0	0.0126109485845547	0	0.0605619457045223	0.195181813793128	0	0.0355423894206938	0	0.0164612243448486	0	0	0	0.0665223075850059	0.0319502000413383	0	0	0.34	0.245561318798938	0.973394991875285
AMC.R262	0	0.0941216141377951	0.0899520902121668	0.0126245157223481	0.497642487283489	0	0	0	0.00211653730792578	0	0.179463383543925	0	0.0167463128347192	0	0	0	0	0	0.0815548055854733	0	0	0.0257782533721571	0.34	0.243787325590261	0.977181889784733
AMC.R265	0	0.0472038156097414	0.0634634582830386	0	0.0554773133112066	0	0	0.119916866891637	0.0530788883847702	0.316019505824461	0.0954673273693914	0.0355913892549054	0	0	0	0	0.0757976301594084	0	0.102231854448699	0.0357519504627415	0	0	0.55	0.125042455367475	1.01172348490777
AMC.R267	0	0.0921447404600868	0.100850361503873	0	0.322857016081612	0	0	0	0	0.106630757682908	0.122999613458765	0.0717213851817854	0	0	0.00616771532220924	0	0.0917655960287801	0	0.0337632026240217	0	0	0.0510996116559581	0.76	0.0250950234334183	1.05473998221916
AMC.R270	0.0188995354413498	0.00643562473852353	0.0600023239065332	0	0.520268888218648	0	0.00648093699255693	0	0	0	0.335012126919422	0	0	0	0	0	0.0208247511367775	0	0.0254096181899693	0	0	0.0066661944562204	0.69	0.0624641047274037	1.05288378261555
AMC.R278	0	0.0155975751772931	0.215690424177754	0	0.261227925488101	0	0	0.0692929624654769	0	0.0418276725444688	0.108663534140525	0.0571813913863898	0	0	0	0	0.00327718303462354	0	0.103309829987891	0.0561333672319589	0.0563378775902822	0.0114602567752365	0.34	0.245971025819357	0.974711456994958
AMC.R284	0	0.0505362030172281	0.168820886964349	0	0.2845664516254	0	0	0.0438498418510562	0	0.184176055567243	0.049558102035278	0.0274423928651139	0	0	0	0	0.0942860180789796	0	0.0261262136381962	0.024350783511676	0.0336617475687958	0.0126253032766841	0.79	-0.0260801894774477	1.06678548361172
AMC.R289	0	0	0.0692503093886133	0	0.126976580253661	0	0	0	0	0.121264587097866	0.192935409290265	0	0.0719944586386973	0	0	0.0151096802403544	0.196861582113705	0	0.162795781994693	0.003449818933982	0.0296451081202973	0.00971668392786401	0.23	0.353438261062003	0.973902700865075
AMC.R290	0	0.112813073135356	0.105753689286631	0.00857232684181858	0.366819314135127	0	0	0.0256444844054069	0	0.0279576457611272	0.12302512705873	0.0454927612544127	0	0	0.00208457902509559	0	0	0	0.142892681600062	0.0203446927968555	0	0.018599624699378	0.57	0.110643371009615	1.03019524572315
AMC.R293	0	0.0214433152975184	0.124693717207327	0.00925197260499873	0.0659818140212968	0	0	0.0619873151220139	0	0.397835141887951	0	0.0795625450370461	0	0.00574132685592285	0	0	0.0213541857455741	0	0.0895446013196924	0.0942467643849143	0.00436575858597098	0.0239915419297742	0.97	-0.104747119876859	1.07821025761311
AMC.R295	0.0105616396797486	0.0339541516141981	0.111462241130407	0	0.229966594080955	0	0	0.00479225350027886	0	0.144865308609567	0.140813017974869	0	0.0209438532508178	0	0.063365592752409	0.0148850918072175	0	0	0.134627037122963	0.0897632184765686	0	0	0.69	0.0656239290613396	1.03478833337331
AMC.R34	0	0.0742255870932876	0.143088798746433	0	0.152665918795656	0	0	0.103277376279052	0	0.0800876371322443	0.112336701621632	0.0527389759425871	0	0	0	0	0	0	0.186187342569655	0.053688312401842	0	0.041703349417612	0.44	0.184047699031243	1.0039142579647
AMC.R39	0	0.0453883399271793	0.083373401033381	0.00105595835236911	0.180198949625883	0	0	0.0028011401865643	0	0.323711129369748	0.118357201184086	0.04086715902816	0	0	0.00231106323722342	0	0.0472957450412102	0	0.0976667830219371	0	0.0106869569587946	0.0462861730334635	0.7	0.0519769887411556	1.03413591251245
AMC.R4	0	0.119693021008627	0.0918500055111844	0.00642771659035525	0.205635191358577	0	0	0.0616071318834451	0	0.167289950742942	0.129319648320745	0.0310326506869258	0	0	0.0135191186082685	0	0	0	0.131967476744471	0.041658088544458	0	0	0.62	0.0833883768031508	1.02778972667294
AMC.R49	0	0	0.0961133380952255	0	0.201658410404196	0	0	0.0489854659679862	0	0.259069511068177	0.20552728322919	0.0219081290843184	0	0	0.0422875138137982	0	0.0276616653964953	0	0.0817499572985746	0.013047814168468	0	0.00199091147357004	0.87	-0.0597631237280234	1.06053692476375
AMC.R50	0	0.0966877960894208	0.052122447427679	0.0118600205749816	0.216037428276789	0	0	0.0591571969973091	0	0.116693099868362	0.129427213887221	0.0714495921806974	0	0	0.00866792644608134	0	0	0	0.186113502756935	0	0	0.0517837754945231	0.52	0.145151758388021	1.01790236544861
AMC.R52	0	0.0220496882148601	0.182914365232424	0	0.0447411485878099	0	0	0.0354353011527417	0	0.190497705559925	0.220072302953616	0.0411310303795635	0	0	0.00952740802058226	0	0.128726033268201	0	0.0558330923022914	0.0520830765360524	0	0.0169888477919326	0.67	0.0701229599608878	1.05176399474501
AMC.R54	0	0.0784729849234567	0.0862420105969126	0.00388831505209357	0.402896922288694	0	0	0.0192510397295165	0	0.0373435617503357	0.166192543658821	0	0	0	0.0427785223327145	0	0.0897358456138054	0	0.038437470595351	0	0	0.0347607834582992	0.52	0.149882010281729	1.0113149278102
AMC.R57	0	0.0328620723978428	0.195619198612746	0	0.203828878439747	0	0	0.0244888098779326	0	0.128063756668914	0.144867209233038	0.0184561707004856	0.00324541584473694	0	0	0	0	0	0.136490987437027	0.112077500787531	0	0	0.77	0.00137627396191922	1.06560878861918
AMC.R75	0	0.0300020097951454	0.0757160696303587	0.00508715278643881	0.409319344985888	0	0	0.000422273370879732	0	0.0912243138425448	0.249320819427009	0	0	0	0	0.0135009492656992	0	0	0.124165553695903	0	0	0.00124151320013316	0.6	0.0995209828381827	1.03057643263124
AMC.R8	0	0.0568082060863229	0.07855017908662	0	0.269407054373258	0	0	0.00227458019695327	0	0.223107480296651	0.202629483481364	0	0.0401777000331411	0	0.00631518088917902	0	0	0	0.0853574475539383	0.0353726880025724	0	0	0.7	0.0558017787128763	1.03432281232761
AMC.R85	0	0.0579872920811631	0.0888885281676938	0	0.389434758172947	0	0	0	0	0.0312568071350899	0.144412809892618	0	0	0	0.0501043693041627	0	0.153383975025265	0	0.0464104823571947	0	0.00495692499878008	0.0331640528650856	0.48	0.162937154277506	1.01827620893732
AMC.R86	0	0.03753066864601	0.0695459751311158	0.0108705380392744	0.163990165962406	0	0	0.055068287132841	0.0317041964236749	0.050681422433336	0.12617871262913	0.111546061778856	0	0	0	0	0	0	0.311249862448353	0	0	0.0316341093750039	0.22	0.376613233783643	0.937679544701776
AMC.R87	0	0.0748080961398995	0.0535934538025313	0.00380741249079347	0.299437149910763	0	0	0.0220334412881205	0	0.163102116996178	0.160904985909841	0	0.0429166810676728	0	0.0122593726516025	0.00103848276748335	0	0	0.149444584500196	0.0166542224749181	0	0	0.76	0.0219919393713379	1.05814647371143
AMC.R88	0	0.026169672940981	0.0685392914098691	0	0.425459843852948	0	0	0	0	0.0895639983692447	0.23734682078943	0.0195932187459521	0	0	0.00397840765637124	0	0.0453807331723841	0	0.0529581242242844	0.012503415824687	0	0.0185064730138482	0.64	0.0777366277968109	1.03539931305255
AMC.R90	0	0.0902949476152853	0.0889882507222794	0.0104792823914804	0.276614892417774	0	0	0.0958862305050792	0.0141041306967485	0	0.172720861340425	0.00639877505449429	0.0139237716355836	0	0.051800163608294	0.00329602286249862	0	0	0.149045338652907	0.0184620696378845	0	0.00798526285926618	0.53	0.142370641634269	1.01250437381351
AMC.R91	0	0.028409342448923	0.171430276472065	0	0.157731917088717	0.0438528804880989	0	0.0444075560490015	0	0.113659189892627	0.11305657975499	0.0673978862386109	0	0	0	0	0	0	0.160130188378341	0.0747822552654321	0.0103009121763078	0.0148410157468856	0.61	0.0871171540467015	1.04111333077951
AMC.R92	0	0.0778915953330347	0.0666735694703487	0.014101729558014	0.410385845457761	0	0	0.00708790936680081	0	0.0274418254502178	0.190195615969665	0.0128339965270282	0	0	0.0369083163365687	0	0.0386431675742837	0	0.10588574228026	0	0	0.0119506866760177	0.54	0.136620847746877	1.01861907237662
AMC.R93	0	0.0723160199666725	0.150783781424478	0.00141159994076354	0.287448957828683	0	0	0.0138993489102499	0	0.108608025973841	0.0761412587284437	0.0175238094534677	0	0	0	0	0	0	0.176422390743941	0.0671052682946308	0	0.0283395387348289	0.48	0.16284008459414	1.01060160505764
AMC.R94	0	0.0797992545972968	0.0754613630151652	0.0112418162273458	0.35817706152293	0	0	0.00842441710618109	0	0.117928036874069	0.11749242428608	0.0435467725029208	0	0	0.0279486894329419	0	0.0346046067968932	0	0.092823007371133	0	0.000524705412444772	0.0320278448545992	0.57	0.112243443202307	1.01825496753722
AMC.R95	0	0.0720042293596257	0.114919947776626	0	0.11616741861209	0	0	0.118628915285862	0	0.109769654043008	0.145960873306964	0.0576827049184437	0	0	0.0385931808030891	0	0	0	0.190582428467813	0.0123866639815621	0	0.0233039834449154	0.76	0.0161965283429121	1.06485145354678
AMC.R97	0	0.0978023066751843	0.0190928608127846	0.0199538940263055	0.331212040939642	0	0	0.0577403347254809	0	0.0514448407840478	0.0983721769055717	0	0.0253591219623296	0	0.0183371582178383	0.030202368864316	0	0	0.217873739550552	0.0312965776813972	0	0.0013125788545502	0.76	0.015592636604546	1.07980790197041
AMC.R98	0	0.066292549504083	0.0965851599611055	0	0.263899427309164	0	0	0.0822459901596228	0	0.101737753858278	0.172644150591699	0.021300069272876	0	0	0.0185343399379221	0	0	0	0.165667920390959	0.0110926390142913	0	0	0.69	0.0574587473663464	1.04302297996764
AMC.R99	0	0.0503035630042216	0.093979171036837	0.00320021740091461	0.314929081512927	0	0	0.066892174427157	0	0.0792052660269336	0.195469466524145	0.0202425216293403	0.00433552450973409	0	0.0207492804549951	0	0.0203686839965665	0	0.104719310784121	0.0137996783891827	0	0.0118060603029249	0.39	0.206513753265657	0.985402756541115
