Gene symbol	B cells memory	B cells naive	Dendritic cells activated	Dendritic cells resting	Eosinophils	Macrophages M0	Macrophages M1	Macrophages M2	Mast cells activated	Mast cells resting	Monocytes	NK cells activated	NK cells resting	Neutrophils	Plasma cells	T cells CD4 memory activated	T cells CD4 memory resting	T cells CD4 naive	T cells CD8	T cells follicular helper	T cells gamma delta	T cells regulatory (Tregs)
CSF1	21.81521667	22.1078749	93.53462038	112.5821168	73.59342702	687.8844582	35.28849776	23.12217296	61.84446433	28.21718786	24.56893179	24.48518696	21.72047615	22.5275051	14.62640697	235.5590589	32.27097928	21.94024148	22.99418539	24.17762134	39.12354971	159.729662
TNFRSF13B	1498.256342	502.6927279	186.0239287	167.5646975	290.7927064	158.639318	240.986393	171.9065402	187.8628997	163.0912348	188.0078881	167.0688665	227.5044918	342.7765361	1292.53498	138.9893405	120.0804247	307.6962383	181.9551888	181.9526719	372.4166229	379.5542581
RCAN3	40.66450557	46.66611859	106.6270408	30.55512091	10.99141575	54.98818208	37.60063067	28.67150516	35.07280711	6.230147517	41.68337282	25.01169532	7.23560514	5.269930927	41.29948278	193.0935915	566.9862725	219.6437293	155.029818	28.81247015	28.35364012	332.6704532
LAG3	8.732532802	36.29565926	215.1741661	20.86020976	5.070710836	6.759088639	1427.702674	97.67723625	22.32766244	12.7599446	7.92284356	23.50429099	139.8539928	8.170942175	10.14786303	999.6943311	175.1856105	6.264629561	521.3214165	1296.73277	884.9362538	656.8213603
CCL22	31.32507211	46.07125476	30950.32751	4123.086134	94.52151623	2604.46642	464.9729614	880.2022045	113.920916	24.52312784	33.117333	76.9655571	26.9167755	59.92678374	19.84751256	28.17031886	27.87853733	39.42959137	24.03529684	24.33306321	23.02227816	560.1844434
CD1D	416.3030749	243.5748238	51.31081795	90.82975345	51.54152805	49.35527967	373.0594532	39.50876033	23.92167028	69.97612949	2785.253606	17.37783232	16.24955986	136.9215217	201.5321093	6.357029724	10.79075018	30.19763591	16.92273192	48.61705515	288.6345968	52.42348265
SLAMF1	515.4872027	762.0351121	801.5218011	126.4411906	243.9828796	131.7093126	6057.915205	845.5065088	157.5576331	58.05601406	111.9089299	115.6197705	114.1243297	260.858135	1019.767442	2005.427058	1081.526073	449.8358705	496.4217166	1074.944299	720.6522405	1504.845258
UBASH3A	12.70263006	10.12600478	5.677166893	4.841232059	59.1375484	4.993003471	8.795522384	8.195551244	17.94318894	13.69796446	6.105136566	8.533286435	6.038374156	10.09959562	8.087608443	203.0783034	714.9395195	2177.794994	876.3804334	935.0097588	319.0941238	1376.318036
TBX21	543.923946	504.1990666	178.261254	245.4943449	242.2058318	315.8607585	526.5774707	86.6079297	151.2597324	141.1042313	273.2767975	3311.978393	4208.888552	542.1588248	450.3185771	1173.96483	522.1073862	162.9916872	1658.322072	445.5205989	1805.133857	334.0503226
PDCD1LG2	11.81520376	17.24705732	813.7897771	116.3739956	72.1116222	55.0450855	448.8743703	343.4394084	18.43935219	9.979746792	14.01790012	12.92033658	22.01108215	22.62515879	12.20918656	14.41666747	11.03474465	15.10593558	12.8049967	8.147551977	15.66812358	75.96003159
CXCL3	28.30659504	73.07039801	157.0218318	81.03679349	44.00159828	1496.816	271.246673	233.3303549	7936.428599	149.9605608	175.8826199	30.21807353	17.38441257	75.7691719	56.44753053	26.84183085	30.02788375	17.02062149	26.71170482	27.69750654	45.90656617	136.6242482
REPS2	27.95271373	40.36292074	43.11555986	46.40358284	735.5721017	14.49580783	9.789026033	171.2308983	19.0519557	108.2496101	153.2877211	21.71773363	16.00616409	1345.638366	23.92087663	8.288872254	18.95216894	12.08950821	13.88756297	18.57128353	19.43901612	22.28002508
CD22	1803.150148	3293.629651	36.801049	154.8175221	104.7638451	153.7017175	62.36131967	221.7347708	205.9169697	287.7290641	31.15232509	32.52035914	41.94230156	72.3215622	19.03486997	40.69767509	54.37437693	53.38200923	37.47048645	45.41225697	80.6118876	127.573896
FPR2	162.9187996	227.4506603	48.59895914	62.80252929	150.7924613	182.3163119	274.9365739	95.43864594	344.4167653	195.1670966	964.2419055	69.04044011	88.1553815	3797.403194	101.1071972	24.31747659	57.00754952	60.78015047	54.91749032	56.44753053	168.8394702	97.93080766
TEC	11.13599083	11.26237461	21.16569802	14.62208914	80.57831321	19.98621302	66.07482414	50.36671815	225.4910315	23.41596618	16.29861436	16.45891984	20.22252914	12.87726499	9.61033962	9.195676707	9.646923918	8.992612544	11.99089142	12.7431858	14.80669355	8.92091341
TXK	195.384424	309.7698509	85.15990882	82.39792906	201.2173366	64.00962037	86.84214478	154.3565359	201.212217	173.7054259	62.96991111	2015.56144	1564.533681	173.9732072	85.82317784	175.3835932	426.3148568	1384.385645	676.0594416	206.762571	319.0374935	166.3675052
CCRL2	331.0843447	327.4987971	42.18974701	30.03002814	34.98004676	17.97363923	25.58895596	29.92011687	31.69929888	27.61848758	29.59035049	122.9424087	46.43838291	45.63378677	40.64411705	155.6717837	486.3438163	69.04044011	173.0896162	151.0907582	262.8582877	101.9853805
TNFRSF11A	32.36541213	50.02783296	708.1258587	281.4799185	12.25490482	37.89907656	74.82023836	396.3913895	80.59359524	24.86947846	17.83610862	68.56018671	86.12792797	67.7636041	28.03580356	45.77175188	22.07591774	6.818438323	9.855680429	14.45611207	87.70315573	930.5271046
IFNG	168.0836515	233.2462403	92.78571972	75.83739524	157.0213934	105.0542732	96.36432219	71.1513012	70.32219401	109.1827541	108.1486375	3575.236664	247.3486217	187.1620872	137.3910104	6344.879706	142.1822906	107.3272359	249.0786281	208.3394234	269.3932002	174.2692818
C3AR1	97.68302989	131.0995558	259.2776033	879.0878468	9437.290602	799.6447121	4247.947251	2754.457112	4865.330497	4587.545998	1337.368233	473.1714371	753.7180287	746.04456	235.8730787	109.0856459	198.3433582	100.57262	218.067024	110.3968405	667.738611	521.2960334
CD1C	2899.133023	1349.225244	1002.723527	9523.260691	24.63751709	29.85115497	22.85969301	167.5032595	34.92829111	32.85124884	526.834127	30.67802465	36.32319474	258.2129965	31.29737364	33.58018677	204.5100438	77.23468675	44.14189025	40.92391452	50.88172305	16.8510481
ZAP70	12.81144157	13.7050941	26.83408716	19.14980044	185.4848873	18.46666377	25.55686935	32.52035914	38.3203582	24.08409421	38.05970681	1772.000761	4781.948859	70.04945364	13.36812571	772.7826189	2667.26621	4287.536344	3230.539852	7380.970003	1422.384713	1758.634939
CD3G	87.6081271	55.98119171	38.2153575	29.83579519	114.9902097	31.47187386	22.5839555	15.49172903	17.90169501	19.63068007	31.97464945	117.4404361	252.9163802	160.0909817	31.36207011	1149.980649	3066.253514	2859.409338	3348.560467	2416.241107	1121.515185	1298.021187
PTGIR	21.65542661	32.06615205	1333.258674	27.40247852	26.61063961	37.79124289	1832.0701	1096.655917	113.9045242	196.2521481	482.8617503	30.86641388	31.06375629	47.10622736	30.36307028	161.002021	59.60491785	233.2462403	46.51032228	24.85041048	31.97751482	1296.620335
CXCL10	395.6381026	761.3944185	11302.3948	163.7176364	332.722032	163.1981892	31273.67963	278.3434035	313.9187307	112.8085953	500.9300164	1510.914551	201.1109308	486.9671286	246.2438258	529.512254	152.9758784	120.4987696	157.22658	127.9224652	488.5453368	256.6183684
CCR3	31.14530202	135.0222303	66.10168276	83.69246929	6575.502616	79.25178432	59.88926338	39.09280883	72.43377329	33.17881936	83.4012701	81.07845472	128.2007913	1435.2148	52.48031743	53.98997768	88.58205857	12.07805481	51.21539926	20.4848163	37.49630312	260.9680321
CCR7	1939.045683	3811.326733	14223.15516	290.530233	647.9636327	328.1949289	17366.91051	123.7463123	81.24584846	66.65895255	165.2353496	482.4429323	672.4665585	376.1557339	202.9261759	2885.120974	2693.556404	8788.597127	5074.201816	1858.531026	490.8051753	6339.949771
CD69	5037.059721	8246.962733	69.45698718	39.31238934	6363.149838	31.65121441	59.02137051	28.81247015	1484.634024	440.3983738	66.10288756	5471.704926	1781.265844	436.4221698	131.1507128	1071.887678	5489.202469	4397.041606	3798.407191	6081.160743	4572.324665	539.3938343
PTGER2	20.49640288	47.37880726	826.8557439	584.1241872	501.0228289	619.1628375	170.3953887	1754.337137	892.0718245	460.4294121	1154.310555	5770.127086	2983.001501	183.6977894	21.50099156	1056.864994	4236.414392	258.841965	2260.804067	14.85589132	2957.932915	2608.201318
DPP4	16.56719599	19.45168576	138.2117037	11.79647193	18.57167619	17.52701962	175.6975199	32.80967907	25.76939706	68.77332318	19.65506451	391.9641115	43.07303297	19.5766283	15.7816761	892.3150761	1042.227242	689.9495562	686.98687	22.53108052	383.7055093	866.5973448
GPR25	29.42735453	4.292572754	4.701007424	11.76229619	18.26386402	8.494154594	27.36083709	14.41666747	15.84215873	22.81784638	14.04592183	21.43533197	11.1673751	16.9118569	141.0660169	12.75467855	138.1919025	10.77863651	28.7191378	21.82778451	10.93345478	41.74363822
IL18RAP	45.38600163	63.16533501	89.09515062	88.07756471	1797.696657	93.75421468	24.97523206	38.64095647	362.4767389	239.2744548	92.02184739	5732.166309	6172.262928	2653.493356	22.92310159	367.9599908	275.2312246	83.75974388	541.6070596	101.4843406	4488.262918	113.0686831
P2RY14	196.0477382	1638.857158	24.7275648	214.7529288	9767.658851	7.681017154	21.35853068	852.5563739	1476.439279	2202.531209	51.7107481	215.2283477	214.6448472	1604.23718	30.69853755	76.77594259	75.4038863	63.19960659	154.8611784	33.74435445	512.624542	102.9533339
GNG7	1494.305763	768.0078466	70.79123977	187.5124462	197.7715925	82.41009583	94.49057817	243.4861493	115.3507975	170.2524464	112.449475	53.08765217	60.45334031	455.4134725	2218.049204	75.96955929	104.2562884	99.42210121	133.5514698	63.64624142	51.82499254	214.2818797
PDPK1	24.86674344	32.80967907	22.47364617	96.83583568	571.5173059	126.8741645	131.2576257	121.9445976	30.15639337	23.67746813	25.63097887	37.96319899	32.92518869	43.65251141	1399.416902	170.8986502	121.1522918	518.4525497	231.2949243	117.2961766	23.37025579	486.7488725
CCL19	139.7443318	78.52160611	3048.871233	170.8471166	152.8012995	114.3667988	32553.88074	137.0742038	19.15243809	38.04867174	115.5525527	146.4600699	109.9231796	117.2636391	258.1016824	89.77834495	60.92923205	36.87140683	77.62297831	48.98562369	21.17848138	34.99339888
P2RY13	35.59674022	9.195676707	8.194297426	25.78957652	1447.836993	120.6493256	473.3335035	2965.888162	60.88154521	43.78982454	2786.279688	13.81492461	76.92819841	4885.264485	8.020483187	7.274663001	6.469992914	7.357242825	7.470609935	6.982740503	233.2139703	10.2025435
NLRP3	20.53269856	22.14183418	19.68892684	310.2780778	68.36800786	32.50574568	37.67910545	322.0620463	423.0729418	26.84988325	636.6292677	88.89574256	44.60257144	478.8774821	15.37842878	14.17835244	48.05321317	18.45676256	15.30576169	11.65755142	51.58523231	28.04117893
CD7	17.28012062	15.62904812	22.00857195	27.07256267	48.57212298	16.0113349	13.36812571	80.61769372	20.04765141	12.17345488	20.48373388	2106.83981	1666.682281	25.19240764	18.02258618	1271.833268	1507.773715	2032.402798	2234.707961	2132.53501	415.8325753	7917.977191
CD8A	348.1087905	564.4780916	163.4447696	176.6671569	176.3456177	135.9847653	45.89341104	63.47614462	102.8346227	87.086495	203.576442	1190.400365	959.5951565	623.2298556	44.21285974	161.1817391	147.1712529	41.07506248	9990.737125	172.4731305	1127.953469	80.70305906
ADRB2	510.0813396	486.3438163	82.9116614	175.6334734	1969.028818	143.0178779	787.6239741	363.1850058	2887.874236	4628.681578	664.8839501	2360.471299	1957.53925	735.6634863	289.7984504	142.8319114	595.2105488	77.15395496	899.6485015	97.17422647	2378.452129	217.0627702
GZMK	278.1808222	184.0395826	81.98912286	79.45607344	151.2474716	69.54165218	107.0724606	24.66700128	76.14236186	38.19756342	67.13748264	233.6749633	1967.19369	421.2121304	100.8148697	187.7181578	3724.329794	1423.65694	8814.387272	119.8476496	15903.70006	51.85294841
IL21	299.7702438	346.0439646	62.52092002	78.1233779	93.38643807	83.58872184	59.64008096	42.67287335	60.01519603	96.13005298	103.5720427	68.0390322	38.68027919	201.0983497	161.7246112	333.1909722	81.58442785	21.34280658	59.42001123	1466.934174	87.99639559	42.0591226
P2RY10	348.9025998	436.5800269	142.7074755	5.340759621	1812.068581	11.36968834	20.4848163	16.64319163	59.53712782	27.33260384	20.95780349	207.4981375	236.9914349	350.0244998	408.3799473	293.2102273	516.3687437	340.8834245	319.1050423	313.2896621	107.4410957	931.7085834
LHCGR	195.3792191	154.6890469	21.31678215	20.63736847	51.25024965	31.7588928	23.03809769	22.03161941	22.23624099	31.75279947	11.47012114	26.06781415	21.7148195	82.91574196	59.39944184	5.598819437	8.255798098	24.46628657	9.897454754	9.419742658	126.933563	139.0898849
PDCD1	124.685259	103.8732743	122.1858671	111.798525	223.7380224	114.2409952	134.5949207	133.0710845	95.2768144	130.332615	153.2622842	122.4494002	128.5338061	277.5988266	105.4403669	234.7672258	149.0261337	130.6987203	153.8622347	2598.761593	208.0893621	263.9482706
TNFRSF17	247.609295	22.5997525	17.5240948	10.59179267	20.98966863	10.59143865	9.409205288	13.52425156	6.534182401	7.227678736	10.1098504	8.910362721	12.50971798	9.35211403	7744.01596	7.947610014	13.44126834	4.347662735	13.81523144	7.855308418	10.04246187	41.18335555
MAP4K1	923.4585215	48.65001463	23.10683533	58.98386899	272.9729346	25.60814698	31.1038533	367.2710553	310.297677	361.741886	317.9668785	451.4493332	747.3149188	35.18234699	201.4645711	1231.701055	1387.561664	2431.498593	1721.22046	4278.451524	1550.102008	2031.177327
SLC12A8	8.434874182	7.225818568	52.24193196	37.95714189	107.0092016	466.0589582	24.5564624	25.3393543	581.4055879	447.9225018	11.98809147	18.06584929	10.14791696	13.16312363	52.06339581	9.306658239	3.740216058	11.19206299	14.91996119	34.82375423	7.503468941	48.42252291
BCL11B	133.7136259	166.5812991	76.4604343	95.81819269	306.9880201	78.00838097	68.0390322	51.07857308	52.15823403	53.86480939	88.02675109	512.27635	818.2107999	166.8927472	149.8210195	842.2142194	4962.937555	7177.230404	4183.738789	3186.537019	2581.692496	2748.114787
CD27	4138.587476	388.8197482	111.9872056	125.1576644	468.4975465	90.85495783	137.4401366	136.436149	89.47064836	123.9116687	136.4091916	127.3316351	196.4705551	300.1045211	7350.586942	1125.960048	4188.175594	4042.377012	5506.313911	5710.976341	2288.252945	6979.725316
KIR2DL4	242.5966898	331.7763894	151.8311567	110.773487	187.147452	99.74347628	300.0125058	75.07815363	116.9912535	97.22199641	128.8246048	1692.521387	602.9726262	282.8093	326.5656738	62.54142777	79.00529624	125.3243228	122.2246008	71.00293957	247.0446849	119.6110333
GZMB	68.32230989	102.255299	82.17563279	30.67820522	226.9706864	136.87295	159.2974346	111.0281937	5600.547397	947.0769465	61.71915165	23235.35012	15276.85279	154.330993	62.71521001	21960.79819	58.9177582	85.36127082	2080.697741	64.03542312	6018.578754	53.64876826
IL18R1	56.21530515	32.74521328	21.814318	22.9410599	1494.967961	19.54166867	7.9840431	32.56301861	2220.298354	1442.746463	19.50301241	1084.441173	829.4466231	516.0935366	34.90083093	400.3612339	243.8532814	73.22426678	197.574303	119.2372786	1022.471148	512.4917243
CD40LG	51.83259142	65.37231327	16.89038862	20.16451827	36.42693635	29.86059304	26.39060217	32.06615205	21.43431914	15.73172412	24.75213495	52.25679554	29.30316525	51.29818379	34.65893963	660.7418675	852.1721059	464.1789801	186.4853205	809.450384	449.7694466	31.04806788
CCL1	10.41823708	9.151450435	366.165883	10.50372943	9.884652732	12.30972478	13.39276407	10.20717886	1266.591321	7.259316561	11.12331494	29.60547378	11.53343942	9.407691897	10.05715446	15.97030854	9.669430796	22.5839555	10.7845404	12.61652384	11.24956199	9.104707458
MEP1A	391.2004498	939.6261506	321.8834531	186.6180666	257.5044339	171.9329356	25.48235387	66.46616213	96.70274469	25.29772111	98.26125945	89.41077945	85.62849683	165.3704727	222.3862967	43.13043305	141.2290524	22.42983417	54.17625589	54.92226784	136.1749837	169.5472888
NCR3	792.8512873	152.0118385	33.09868234	86.33580407	146.729649	30.83325447	105.9964013	55.94701428	83.51655348	96.4754312	56.94572009	3218.191907	1482.733424	223.2727212	42.58445228	407.2225704	411.610723	250.1023415	1756.075472	201.4043697	1859.555439	669.2181531
CD3E	756.7993492	1233.172359	276.20651	195.4486787	425.8648102	188.3816952	172.5351641	175.317922	129.5942842	144.3993653	225.2808846	342.1231155	461.7145711	809.110134	1163.254876	2850.795927	6370.192958	3554.437369	5787.182458	2993.594839	1748.883874	5302.45403
IL9	42.70618828	60.05830259	34.55584304	31.51470707	56.79210664	22.74633599	28.83176888	10.07084824	15.58698236	4.125140757	15.74553195	31.82797542	45.8168679	24.3295572	16.73521702	6525.444386	89.90011254	31.36207011	43.06562332	46.35002341	47.46140523	15.37426695
KYNU	573.2552275	296.2994306	7308.577846	1973.598471	62.48037948	3089.346164	6316.573655	1059.119128	327.6913744	132.0617598	858.7450615	66.70647411	70.07148215	100.1093538	97.42434599	27.37818895	39.20610994	41.3563524	45.94858696	22.74378501	117.085962	128.3281017
GPR183	2308.149818	275.8348106	1945.433337	437.8462334	5121.174533	437.1733508	1631.804333	2474.434424	795.5512127	303.5641536	196.979149	201.5996553	216.2351844	144.0671927	296.6071048	2265.096641	3012.768061	854.0807595	630.5280037	965.2070375	475.9389405	454.3725611
CD70	647.9228093	294.6566184	705.6011675	163.5181238	280.4419984	162.091307	365.3486293	116.8363113	115.0885118	205.9889771	189.6644237	186.4718703	226.6449338	309.3411047	528.1256069	388.2749858	266.2959935	116.5526077	247.6214563	214.2359544	301.4293391	1999.95277
P2RX1	37.90926885	161.7246112	57.63014286	162.158759	1302.716482	198.6785267	134.6490049	356.2137024	2193.457858	2865.596717	686.8592062	137.761379	133.7653785	1169.401245	36.61226829	110.7662487	119.891114	168.4091537	180.7978777	142.8858929	184.552453	70.45015588
CD79A	9835.923	12117.94539	189.639752	138.9136781	511.4149111	124.5658582	108.8170218	63.57950923	118.775806	61.91581828	174.974517	139.2030869	149.4947867	261.960019	3860.541888	97.84605147	161.6033691	183.3771612	425.4456431	437.0541054	196.7666923	424.1217962
GZMA	217.1903236	204.958358	128.6984558	93.29389844	150.5888289	95.37711154	109.7080589	68.0390322	68.27005989	50.07477091	132.0433731	22380.29444	13660.47953	334.8696127	91.85142742	1173.96483	4034.52042	440.9534741	6301.839315	130.7405303	14188.10221	318.1893547
P2RY2	13.6018949	11.65755142	14.59353766	10.69402254	944.4078498	86.58027686	11.44146222	9.463569762	89.76543076	14.46354526	172.1808803	11.91498962	14.83438983	20.46490608	9.903062667	13.35591205	11.41545947	11.66918119	14.97257129	20.63255455	12.42139783	10.1169561
CD28	183.9284292	170.6541081	66.03630917	87.37183838	89.18080942	62.22720273	64.48080982	207.2614073	75.16641	62.4258293	79.14901833	71.78378935	77.96041968	177.5405702	145.7577865	2294.871098	961.774233	462.9998637	527.4027958	1326.705724	524.1543544	1614.199583
SOCS1	25.09172222	27.14793524	398.8444411	103.7199643	52.27131121	82.36571476	2300.259226	705.1354113	59.60816677	50.34356835	20.71591309	1230.201795	49.70265419	31.69383195	16.85549775	1034.179076	117.8166952	64.4438491	160.8027185	255.1479692	80.88085602	604.6602261
AIM2	4538.991046	327.9580556	907.0399616	176.9615884	117.5077056	181.9571	2965.888162	148.2845223	62.12545422	93.47144882	536.1118999	134.4958651	87.22742351	794.2145572	1429.674088	3311.978393	250.2995803	57.08079673	294.4846139	1115.681612	407.592905	315.6458748
TRAT1	15.98508028	13.5847049	29.29706627	10.65205619	193.0502207	13.33976249	6.319098182	4.273621867	35.53946833	33.59153566	6.845897848	41.18448661	25.38745132	10.38229418	17.40314684	1616.337428	2578.359018	2327.160635	816.7413233	1427.702674	1435.573943	448.2961522
PNOC	4255.796399	4198.527432	98.82686845	68.46161307	156.274342	93.57509016	42.98994774	92.99539565	105.3515894	62.52678004	230.8474814	78.13755037	65.36645851	269.3613294	3031.838783	83.02319643	65.69416471	64.69325183	88.67789621	22.1078749	192.0353994	82.8028802
CXCR6	137.922284	143.966553	93.76432338	61.54906754	86.73337152	60.50454252	68.56018671	56.08489855	53.14506673	58.16905397	89.88376184	139.1507517	175.2851029	166.6014244	129.4184927	1140.294509	190.1248095	92.27701669	239.577985	187.5232686	1037.795776	914.3089198
IDO1	312.4524995	241.0650179	20536.85787	131.5732395	1389.417624	338.8974249	26473.42255	91.36792646	164.8463693	207.8915127	269.4662793	671.6285143	667.1972433	527.4082419	345.5621343	201.7392421	248.9097098	192.0869901	241.3331484	241.4925332	183.5919996	91.27779079
MMP9	388.1056494	338.94428	2899.726139	3188.623948	635.0862911	38944.01868	2727.981464	16386.05747	12655.47888	1191.482432	335.4295326	284.1304512	688.2490954	6429.776491	357.9745698	258.4783862	395.4202673	359.6153524	286.9137339	424.4791722	338.8946519	396.8938938
IL5RA	101.5434264	122.2890422	55.86616787	51.58293868	713.1604697	36.13968537	43.73965746	22.0447246	105.6851394	154.5243618	41.02366335	44.27072755	45.67953351	256.0574097	197.2344989	43.62068846	63.93112851	26.5887412	42.9451164	32.20308963	118.4320183	103.1997215
HRH1	165.4581351	206.5394742	128.2673018	202.5321442	81.41713941	217.6585736	145.2834807	2195.073255	116.6680467	119.1113422	72.1745748	42.47010982	54.07639831	227.8748322	161.4809975	284.8186666	101.1491714	26.48229454	75.97436695	78.2920509	212.4319062	108.9553664
CMA1	68.10609278	77.95639785	53.12239382	44.7774243	164.6813549	46.37300953	65.76280884	64.11513732	1622.195863	1378.879998	58.76829357	53.020637	57.33259038	48.25538871	75.6389405	76.31621718	46.6365232	42.09518393	25.22954469	29.75313496	77.40398982	40.08632954
CCR5	93.00951267	98.76355416	624.5662045	1515.597414	130.089752	2191.941547	1493.347557	787.3000077	260.5538316	149.3747509	489.987509	1425.773385	578.4832233	85.86154472	46.81934	423.3973006	462.1524294	75.4038863	992.0442583	530.4856724	2444.179396	503.0168012
KLRB1	241.3252476	119.5727193	37.00213293	94.79879985	276.4397193	26.68511703	33.3990692	13.5124231	72.13784357	37.48705237	90.24623781	5576.724303	12957.39238	322.6159656	39.37347577	500.6894521	10026.23944	317.5656356	8818.269216	4477.729529	12634.61161	1259.996581
EPN2	42.21678294	46.90834881	31.56870199	59.13787146	554.8063768	32.22402237	30.74111032	22.48126594	70.25798406	43.97341673	32.43586908	27.97705381	31.97660478	51.26114266	109.4328043	50.11843442	96.20392388	64.62199466	31.50834858	55.41158071	62.36421567	17.84892932
CD1A	818.7834717	1294.174017	1315.229715	14772.22773	260.6061886	224.9858071	160.945247	156.9391502	174.7119173	110.8168315	312.0225877	145.9248694	152.5357864	419.7944138	504.0040168	139.7165139	191.4053509	135.3722907	208.3949257	156.4816454	265.2998497	511.8243369
CD19	5295.93686	7315.689158	161.3344231	122.9982229	393.1656925	98.83889476	106.4449014	146.6235694	130.640189	121.1411991	164.9026221	98.40190703	90.4860579	257.8963108	1743.474914	93.42592839	55.61361754	128.2039752	132.2416591	148.8556127	147.7927672	217.5476871
CCL13	171.4302952	195.3507704	5513.790278	3717.503489	121.9773443	166.9319287	182.2839096	6581.432651	675.8697907	101.0268889	87.08769892	96.66643251	95.02050924	105.3162645	101.3596853	66.04578922	118.4029297	41.65976896	120.948249	12.70708557	72.33766521	75.51129905
FCGR2B	4533.908058	3389.8606	137.2036108	1529.233028	645.9279905	991.9681697	311.314882	1548.943526	1610.39688	626.9589967	287.6388369	181.4820226	119.9451162	1302.127371	2656.037745	59.92126523	30.69853755	8.255798098	65.97309417	108.5578105	121.0118537	127.1097924
CASP5	25.41117138	16.22879037	52.52248298	21.43059083	59.19731483	50.41398411	518.0757148	31.73041766	70.37132603	9.129396815	120.1766089	57.15128061	35.16192527	483.5047319	7.489070848	7.44133492	9.073509293	11.62316713	20.72194816	44.6725684	13.78588342	117.8506598
CSF2	18.24411695	24.24874392	38.03034172	34.06423073	20.96429003	28.52989192	18.82453343	16.29360796	1722.887037	29.73723499	27.09459243	741.3146239	47.27814858	19.5960694	43.36581215	1283.451966	25.87142267	40.95236426	24.4197256	22.7587994	62.26959997	16.26218479
CLEC2D	595.0445595	1012.819733	2002.179445	66.49062417	92.59123087	78.64035879	1465.741277	187.9865712	41.11000417	45.51634127	93.13451585	344.4100434	979.2239401	68.77784236	134.5503286	1875.9525	1711.865828	1443.461253	1510.850313	1689.599596	332.2360807	2808.690677
RGS1	246.271589	180.1991847	3515.825678	62.10361148	6082.807012	147.1485549	184.9939733	63.8234625	474.484624	507.2404796	64.44174947	255.510178	147.0419785	111.3503483	742.0017818	1321.498692	1496.611591	215.6731441	646.7216655	1981.049393	110.3073506	1384.645326
CR2	559.6347831	1471.268235	51.3593367	16.28183461	122.0795542	27.25115703	55.67688175	39.48271435	16.32654871	16.71082041	35.1557773	64.40632604	25.27012551	33.0622167	139.9135207	17.8883765	67.24739132	285.69747	245.2703384	25.49933683	22.26236223	25.46161624
IL17A	31.66676526	24.10976356	8.556203816	7.653355249	8.063350097	7.622591789	11.84351258	5.797213647	20.20321364	12.06834847	7.929351943	8.087608443	9.511607877	39.5476383	13.1991983	294.032794	6.560415317	6.547727883	7.018701499	69.2200367	18.32724833	11.18736285
FRMD4A	73.55800845	57.81750686	57.27849364	229.1834068	76.09249167	161.857003	256.1732314	1094.097795	57.91160526	43.95612501	52.74025927	43.21756185	46.14200777	21.62064394	17.18073516	48.33458991	71.89460431	24.03797283	49.31923782	211.2458646	23.15443689	38.98612196
CD86	599.8609321	354.7433616	4490.947531	1729.206247	107.8833958	764.4811798	1444.502959	2791.659069	203.6194781	161.7655034	1398.4001	87.77041198	110.1384066	161.5053365	309.4183226	90.30112485	95.47693449	35.145174	108.8922088	29.58459024	341.3536821	176.4166456
CXCL9	438.2088306	597.5841917	2918.819703	179.9813131	193.9209434	168.4971354	38944.01868	199.4359175	99.76021313	123.5555835	265.0825127	590.3615841	186.9242102	403.0543959	268.3992061	259.4612394	151.5042347	77.45884479	125.8362376	143.5770588	220.9114526	159.2182742
KIR2DL1	5.157127328	7.406441697	7.023482621	4.531899492	7.453176714	4.751833847	8.603842518	8.522115249	25.65281368	30.90286056	5.116435124	532.2521388	281.9844186	12.34421311	4.493181638	4.126234993	6.332890006	12.79241876	8.01647279	6.198523194	24.17768826	24.55389477
HCK	489.3443473	273.5706061	3772.369126	4370.59343	3730.856433	3576.179245	8146.586422	4811.755806	834.9287387	616.1411859	7368.002228	184.1658664	391.7033029	7443.161769	130.5834263	81.79892574	80.31784648	107.2851313	106.4569423	43.76861448	737.406205	75.08844559
SH2D1A	23.74579306	30.86641388	27.6285163	16.51251838	29.31150533	17.33796088	17.53465103	11.39071505	43.95158903	22.17158328	18.41801556	844.7081417	1296.002366	41.8750989	17.02062149	1484.478664	1354.892078	910.0374967	1249.210018	2984.358981	1522.337958	2057.444392
IL2RB	1945.518804	2118.459057	366.1434094	246.8795571	381.1943018	294.5506048	221.9788101	172.9682935	442.6048403	341.9687806	321.9612928	19190.61594	18026.39249	1044.851269	848.6873784	7562.491571	2988.605281	818.7927424	4000.216538	7279.249666	10958.76994	12662.47545
LAT	133.1507052	157.4129632	218.7467931	205.2650782	405.7028156	603.6863585	162.813157	181.9526719	2477.465096	3738.758621	239.5833162	1262.245177	1722.578313	209.6546017	111.4231016	1447.742457	3282.260737	5669.605245	3224.978584	8480.619457	2738.316414	3200.697142
TSHR	17.26446055	19.81562324	22.62901303	19.79865996	17.61165132	15.60070061	9.442115885	7.808323788	9.980145399	20.59108368	14.29339998	12.75467855	20.15779147	18.38429613	95.35040447	7.644655016	13.71677829	11.34522644	11.64652927	236.3005486	15.28593998	11.89081812
TLR2	113.709418	81.54272739	487.1255361	1202.759716	118.7000496	793.699493	4668.361682	3071.447657	1591.232654	680.7876421	4560.185304	140.2158809	138.3345347	5374.798483	115.9850691	102.0859478	126.8421582	135.7286165	120.5282543	151.8480214	438.5864476	81.98559599
CD3D	174.4025802	103.2248459	132.5505719	106.1967153	795.027696	74.30949816	26.01377304	12.22050099	13.20972496	40.77673955	79.18206065	243.8532814	250.8695535	250.9974436	88.37677893	7456.754789	12009.36242	14916.803	14396.85632	18921.47848	11894.34724	12721.06851
ITK	409.7558423	468.9985735	166.1778128	102.079759	654.6984165	115.0222464	90.2244571	71.26574474	1083.589895	1344.476541	124.1014103	3981.741268	3056.935046	380.4695205	192.2179775	3954.854034	7704.627853	9578.936337	6471.889098	9006.839826	5787.063934	7176.363772
CD33	16.71748672	25.374709	15.47840391	731.6958076	36.39003364	388.0381883	241.8450557	562.1160422	870.835795	811.3522325	1494.400184	14.20413975	13.328498	36.74188801	29.48171985	10.49185361	11.69136762	17.83717204	21.33635265	16.00738743	146.4620047	55.45160433
P2RX5	9116.674392	9725.14216	35.5352843	37.21278271	355.9021695	33.05027296	21.68739568	20.0115018	298.9924978	174.3664719	175.5409499	492.8199974	507.7460936	35.46460502	2524.75311	524.8550881	770.0178375	670.8311858	784.9884834	2876.602126	1108.125761	725.3438736
PTGDR	75.93103964	84.74897834	29.80079173	32.57760806	137.7868425	25.25504861	40.98318506	26.78347553	29.11895968	21.23770371	36.25887091	2044.535858	1627.918557	79.20265559	34.61104034	56.51547019	135.8294143	59.43850829	549.7297474	38.93185048	407.8586616	36.94548042
CXCL5	83.04902879	94.16490321	387.4036234	37.39284051	29.25747912	5315.265079	91.98053835	46.38135018	621.7471315	49.57406448	32.93471403	29.07388553	25.08008077	69.6139163	43.36581215	24.94052208	41.21600403	7.759898576	18.42018765	18.93654262	78.88888206	73.85830951
BLK	3284.235489	1788.424777	16.7439792	15.2857867	38.700173	15.52409402	11.8204986	14.41666747	8.164952674	10.55696945	34.13408456	12.25757399	10.05664906	9.863599005	42.03948876	10.42128191	19.16528476	67.99945866	136.3936481	89.85602787	20.71481403	9.580065844
SELL	8002.61479	11102.0298	137.3301011	121.953751	3001.389383	103.9204555	234.1716363	287.2191393	288.7165574	353.9899758	7242.740165	1590.659482	5741.494585	13724.93946	376.9049927	2531.49842	7104.510327	9805.46284	7418.862396	4188.175594	10585.56882	5165.445456
CD1B	338.3307439	1351.157456	2349.595156	15969.53236	118.1030265	165.9539997	76.0826143	132.2193618	158.8890881	124.0396525	198.2817057	109.5758377	152.9052072	356.8836932	343.6898904	45.50400457	192.5532686	22.28653167	55.67758898	21.53089091	252.4165956	52.94106332
IL3	12.58545616	20.12785138	12.94335151	9.891831901	112.5425353	9.762406535	10.04573553	7.30958941	411.2800676	8.370755211	11.52632712	28.81247015	13.59206642	12.25400672	13.81492461	1689.599596	8.603842518	9.485254596	9.157134905	15.86814667	5.976390119	37.29223107
CXCL13	22.77083572	50.1800947	20.93152388	12.71410384	11.1092851	11.75346746	627.930517	16.76076868	10.94557061	25.70939324	10.31783604	16.12512522	10.02644064	29.79046571	17.24705732	280.5297599	8.95713845	6.024967349	22.35743472	9578.936337	7.577261926	13.50429071
CCL17	58.99587921	42.21616032	6414.906541	2541.410819	91.92866442	114.8422294	55.41158071	620.2134606	45.95170735	26.61741896	67.76049878	38.77174192	75.01179342	34.28591541	82.14621562	170.3383554	30.30478142	19.48358652	78.50428281	38.03375116	59.77162048	393.9264602
KLRG1	1076.359373	1351.157456	224.2019093	250.0803963	448.570662	270.2038954	253.1007469	148.5655127	1313.328247	1310.19144	305.4474128	912.2671752	1700.856514	605.3949976	482.7709118	275.5197677	1939.944493	467.4716087	3859.14824	283.2038076	4631.811312	373.3248469
CD247	53.69027623	23.66779296	32.48553108	43.67897681	459.1326292	23.92868112	26.9337182	81.83870096	105.4058403	128.4661867	35.27406041	15108.26954	16099.47966	59.83784952	65.55259868	2156.371127	5318.708728	7038.536622	5508.526368	5302.661793	9129.432322	9743.994501
ICOS	8.407302028	6.458825767	6.159261216	6.702810599	13.9959794	4.485992218	18.58723205	5.065226719	5.256582916	5.202255893	5.362446048	22.53108052	12.554434	6.199101199	6.147205936	1804.928958	786.5967435	1018.135876	194.1905981	7744.01596	36.42210641	738.9703291
ETS1	792.2524045	988.8726693	115.7021417	120.6221577	230.763415	96.62991012	130.1202875	75.4038863	156.3004608	147.1300736	85.66933558	696.2669173	759.7185652	243.6131706	410.3171187	1261.517205	1902.189462	287.8283832	613.4935899	701.5416085	99.66586714	1031.179862
CD40	1328.267122	1493.347557	4943.303284	1598.408075	204.0560124	1146.591678	12966.60573	643.639203	416.0597275	111.7010328	298.5733076	204.8063535	164.1619074	275.5927662	838.3890443	169.3131278	168.9573287	119.8051169	203.0571538	129.5124355	269.4014427	338.6601465
CCR2	360.0216463	420.0370653	117.1398876	115.7528109	213.9862512	122.7713689	80.9645004	74.52120484	63.82847845	115.0116104	2908.726283	97.00535628	92.11909435	243.2288166	1710.33313	297.1447653	756.5516447	64.9467235	312.6203444	95.47693449	1151.152529	258.8984705
HTR2B	13.11478166	6.171513508	382.9194372	19.64801361	8.275869344	6.900538825	31.86953296	216.0502815	4.888042211	52.69279218	13.85052231	6.958858985	30.97175272	7.446654092	26.40774882	4.605860048	5.822857646	11.3103513	22.71063607	9.317338154	77.03535453	26.43901488
RIPOR2	5267.741473	4719.699579	126.2864186	136.2081634	2755.053484	92.82935445	193.0268711	86.87890188	170.8249765	187.4701407	2428.861545	696.5310083	1586.716996	8329.197426	237.5875518	256.5379971	2808.159439	4454.485846	3376.093302	665.2076215	2376.662113	910.8875823
BIRC3	1072.239215	1762.323129	10553.57544	442.7298273	1582.230325	230.7650134	1971.112539	237.5017836	1951.560424	71.25617244	159.952492	1173.96483	283.6871924	132.8542597	363.8164437	2888.707681	1121.424012	677.9807091	370.9307246	402.5623243	238.9246256	2449.370773
HLA-DQA1	1379.121703	942.7749076	6417.316621	7712.247914	68.2343922	874.2342868	4169.716387	5225.867112	390.0099509	190.2949934	275.3534268	214.9325691	219.2102706	218.2099668	161.7246112	167.0688665	106.9349988	122.6942485	173.4117383	89.17794598	356.7324528	621.2518682
TNFSF14	9.719004464	10.0823446	8.691520443	17.95365709	291.7775578	936.6552461	20.45437223	16.04544391	66.46487192	13.49997975	35.07227527	2050.816822	362.1020637	614.120037	9.555358782	428.3545003	59.18404696	28.21199417	92.31649554	168.835817	17.77460958	258.1350672
CD38	659.9477137	588.2648306	3371.628895	65.77761797	298.7045221	90.8542014	12009.36242	642.6104871	1366.953817	814.6736615	237.7018615	867.2194289	1418.265485	400.4888321	12117.94539	492.6276527	205.305051	296.2994306	318.883456	1145.360549	224.0112245	696.5074435
ACKR2	92.31546536	52.98873326	76.23824701	54.79311967	139.3579335	63.12794941	57.58401637	73.7311384	73.11439148	50.87012491	68.90758909	50.05941379	81.81890669	97.53796277	773.8184665	67.60022415	282.9223926	64.30250203	130.744128	100.7324553	50.76403215	54.44144843
ARRB1	15.19815814	15.93115384	32.66449377	43.10758498	26.07419288	333.3962724	946.0138184	395.5562302	31.29032739	44.46607563	440.2370047	138.9893405	57.39670667	32.74962107	18.99250539	23.05515036	25.18421938	18.71219759	19.09130442	18.44492663	15.11426723	7.896579688
HECA	177.8451002	147.9736788	109.8186109	149.3724413	1119.899701	114.2614669	200.9810494	172.2889652	9389.503009	9299.383668	129.5522336	150.8083027	200.3498771	150.6140872	310.1156544	82.7123624	118.9595662	18.24228689	123.8596636	23.22265447	90.33473739	91.91206074
GNLY	14.52025513	9.016559093	21.45038814	22.37056888	24.52606794	16.57744727	20.40693277	15.74284151	18.37211337	26.17106781	19.94743339	23235.35012	21760.60028	118.2602821	19.25302109	233.4211369	1198.37505	134.9186388	3732.536058	12.65987353	8201.567151	24.36657201
IL2RA	216.016679	151.2654723	2221.900378	44.95064885	133.8083659	33.9871692	3963.774053	146.4600699	310.0050923	193.2645954	25.41115885	628.1600217	42.04435301	31.22286334	79.81202979	4978.13072	360.4452087	87.16147336	85.8239546	184.4383466	31.18038026	3823.559035
EBI3	16.93649086	10.50267123	6496.243408	16.81680477	9.497299095	13.18836854	20437.69231	311.2058679	134.9737807	8.959876311	12.4947299	16.85549775	10.01431702	11.62603766	8.897758981	119.0986128	11.53252065	15.05714204	12.21399038	11.63480358	8.368172831	164.024998
FCGR3B	191.9423831	434.6883898	125.0983352	158.6201963	321.0470841	256.3156774	154.0822062	155.6717837	123.6149676	290.4715044	402.4458452	369.6606901	494.7560439	27546.9664	121.1090782	106.4982845	133.7448215	61.46749025	178.1993614	64.11513732	446.2450155	203.850527
CD80	345.1713796	131.2576257	4526.24129	596.4318172	109.740993	350.482739	3650.811207	160.4810794	177.1857239	120.790446	148.4294518	139.2568175	163.1921911	132.6404432	367.1492638	195.416557	92.39233333	102.0859478	73.52859919	109.7080589	196.5982704	392.7464198
CXCR2	12.64597482	26.76355546	48.42702155	176.8360878	442.7589038	115.5505074	174.1206652	64.07909887	56.93465721	126.093962	408.3528365	280.0023863	963.1701029	17610.41012	20.8510013	7.644655016	20.88194891	5.107669662	73.61765642	11.15831089	341.3628029	62.58074509
CXCR1	187.0592932	260.5780432	64.12271586	65.52991342	239.4764818	72.0058534	61.26982624	53.22101207	267.9679786	263.7886674	82.78141165	417.1870896	515.9159844	5613.081304	146.6778838	76.35489937	253.8205315	320.9597732	214.6841388	71.48534098	691.7310759	216.8895181
CD4	118.3512664	138.4573773	701.0986434	1340.751384	163.6390935	552.3052303	1574.336844	10105.34674	287.7837723	213.8663803	3343.906153	75.96955929	81.07568775	364.5571609	351.0163026	1725.414846	3710.379943	2495.269425	164.9509326	4363.016183	399.5375472	5524.681644
IL1B	364.9197528	508.1423339	2781.903216	437.0700597	1137.887994	1273.463059	675.1218227	291.824541	17770.60586	3282.430504	1257.182131	241.5910262	250.0432905	3099.346146	198.7896427	200.4208119	251.1017935	136.961868	144.2186891	204.2875485	352.1592413	284.0853434
KLRD1	170.2059521	204.0068731	61.79015112	88.95467091	58.50047382	53.17243141	62.89115552	75.6389405	47.96373123	69.9817193	81.02147756	6195.927488	7278.146564	195.370024	244.5489843	155.9617882	207.8812187	75.78362334	1670.271427	149.0261337	3580.074313	59.999115
CD8B	18.55930203	21.53089091	13.49794899	14.20160728	33.0054369	14.7839247	9.306658239	9.973398059	10.95016398	9.973784848	14.49443263	16.68319539	20.09303314	31.43329135	22.19126923	12.46145751	16.54639136	143.5770588	3697.963718	118.4547967	108.6995574	12.43551104
S1PR5	7.027494673	7.997120003	7.668039292	6.920113656	8.09184729	9.800628668	6.633637977	6.433693872	9.124929522	8.974214161	6.788452669	175.6975199	587.6581174	9.352910216	7.65617701	6.843334165	6.547727883	8.45170015	41.04900098	8.886630463	13.06706142	5.615635204
GRAP2	15.00203046	12.62708927	10.11500312	7.973524377	13.68032754	9.44203317	15.99426095	20.12785138	140.1321556	234.8866301	11.82509864	307.2558216	200.763896	10.85570109	11.63480358	151.959726	269.2219489	318.9107126	280.9234111	201.2672093	166.772216	189.8106758
C5AR1	64.88366132	92.39233333	889.9578222	1195.953955	2647.728393	4989.998907	262.8037637	1920.668117	756.9007984	536.888673	4237.561451	170.9594157	335.1748215	12587.17469	25.374709	23.7998802	24.57422621	39.1758312	71.29814039	27.36083709	422.4027943	42.31424562
CCL8	97.02939896	229.3383995	1523.493213	85.43977671	24.19311858	152.3193862	4535.517152	2829.09296	1333.111492	59.52076258	126.7672449	49.04713211	49.61858818	94.60984879	105.7382506	82.98777026	64.22389989	31.42579269	35.05420149	40.64411705	105.8701548	77.90022347
ZFP36L2	661.8816941	923.602815	124.3001947	532.3725666	311.9773023	297.4815667	23.57209837	303.5769537	54.25282854	34.42499963	1341.516598	263.103889	915.0156182	517.338976	485.6449165	366.0960572	3731.327234	357.0079722	3227.833526	641.8482849	154.9349031	2943.240501
FZD3	138.3505755	121.5674974	24.30648198	77.88233881	28.00346067	31.33678222	32.63242659	195.3507704	68.23533874	58.84581105	39.70835546	38.82769283	29.43502605	73.00874476	181.1627863	136.5432862	39.04159069	96.62044786	50.26515479	449.1787857	59.00916719	63.60598821
LTB	12117.94539	10351.64143	112.0607213	184.5481051	2136.992363	127.317149	116.2863022	161.002021	400.9057785	222.2586327	321.3564756	16862.16904	1009.906661	5458.249488	106.6290931	5257.453469	12009.36242	13247.62405	9829.724672	9725.14216	3372.608476	17485.2086
IL7	611.4516464	250.9247833	143.5066148	68.88084979	18.13188477	93.50347161	133.4873015	79.20083093	25.03009419	55.59054639	51.3943268	26.22845437	24.76130902	14.89186794	40.0906413	30.32542187	69.25499148	34.7070222	41.57938135	68.38795936	27.39425876	43.15687677
IL12RB2	18.33818525	13.44126834	10.65230466	14.03060068	11.68834565	19.79170172	14.52740162	43.64768257	31.27438783	39.54913244	20.50390251	1531.023729	594.0469774	14.16736964	13.07042258	726.4496109	106.8888316	33.86467066	95.11508424	117.5335217	386.7126926	219.4383155
CHST15	380.4544171	375.0617962	99.79101855	317.7544695	1106.193591	1452.251166	103.4871553	1051.6856	895.2054973	1121.27006	3334.89402	21.63834323	43.29669296	4602.158626	2248.878473	34.12601784	41.68602369	56.31496953	37.3682688	41.65976896	339.1261865	82.84147995
GZMH	33.95743123	21.35853068	26.34630303	17.75887232	52.48247611	24.82219085	15.89364427	14.88173325	19.61378309	17.9815414	36.90093477	7419.827913	11889.00904	41.85793547	41.24636078	896.7120375	630.7749174	198.9335618	8555.821981	26.30390688	10428.44501	79.31202778
TRIB2	915.3236717	1848.219528	126.8179678	255.2096152	311.6530554	152.1388719	71.30464757	22.3637411	1394.871276	1949.185675	123.0323791	1049.5197	1307.778436	155.8993479	262.8037637	275.8348106	2377.362513	2278.453629	1138.062023	5890.338133	754.1562238	839.9304115
NTRK1	13.73659599	13.56995609	8.220089782	14.87419345	24.83620744	8.11603997	8.77366203	8.95713845	1165.767806	353.8858453	11.91460935	13.60956204	9.510068915	16.05784624	28.05481762	21.08132558	15.01956589	22.8422122	10.62433837	9.834897324	17.70640663	11.27070692
CCL7	45.94840622	80.54919503	72.95235312	24.2434917	108.0688126	651.3648029	241.0650179	85.74723008	956.4362847	137.7438512	36.20654238	21.32839265	33.53994623	97.336807	58.10858778	22.95842907	38.5055913	48.24358597	54.29720304	53.34937988	74.50448787	55.4673111
CSF3R	29.61360061	99.76628743	67.25193329	92.48429351	248.3966271	214.3427639	860.3372222	737.8599039	212.2561883	186.0953351	2331.948628	45.2333023	115.6437107	9175.361959	22.72781743	25.6594246	36.16508067	107.0724606	24.3859179	38.93185048	338.8415636	85.4433645
CTLA4	12.05483904	19.39158332	12.49357301	16.48246747	62.02243666	14.31666435	8.580759955	18.03666634	14.80064982	18.08044096	18.619765	18.71219759	11.01469755	38.69364838	12.39999002	1865.797683	606.1036832	282.3095234	19.09265901	2019.936149	22.98413575	4077.44587
GIPR	8.69890136	8.245074698	11.2653381	8.587227324	110.9133339	7.247773205	31.73041766	23.65144355	25.50899867	17.06083294	8.506723418	11.72814867	13.45361226	10.05277019	5.570829264	9.251047619	5.19508538	20.2876468	10.90883943	30.90820518	67.5773091	32.74751321
IL4R	1883.66674	11009.29392	2410.484546	1093.752458	1117.612583	1054.288345	3007.592556	846.6140012	4652.787414	3106.475575	1192.215763	1609.901147	851.30019	2809.100785	291.1304361	864.1960215	1148.814515	2125.328314	884.659355	414.2300341	913.5881164	3102.322518
NMBR	573.6463176	507.384036	17.42986379	81.80338925	103.947176	49.44515642	16.42178108	35.1722477	24.63797792	11.1988627	77.85728222	48.05321317	29.15508056	201.7522159	242.5274059	92.99539565	31.0595517	8.77366203	45.63830073	20.04059624	183.1728448	117.8521836
GPR65	490.2704567	507.5709281	155.0751578	607.4918095	8034.40209	702.0291957	263.7450621	993.5543835	1507.86671	1700.97754	1473.160908	2137.237334	2138.331722	2530.19965	162.813157	850.211608	1499.931247	572.3060778	1518.573945	252.2799806	2511.23381	608.4463585
LCK	327.1096376	337.4400897	57.6156067	43.79168499	245.2328838	64.45522652	25.99553349	22.85969301	20.84968098	33.89599017	80.75884433	2808.159439	3604.565205	186.8691266	40.80982734	4042.377012	7786.120969	8948.349603	8763.864592	9578.936337	4299.610023	6736.744097
NKG7	10.33850341	6.994769751	6.557717872	4.961302934	24.2643021	4.93466715	217.2245766	6.547727883	573.0034371	429.3526592	34.65463899	14574.73469	13911.17937	13.31565465	7.726182177	947.3726372	679.6910465	106.5387015	8640.630717	7.582193721	10086.41757	18.51226305
IL1A	114.0328396	207.8094975	387.9719904	107.4684033	2009.795325	627.6075867	90.02342615	27.04752387	2906.366436	140.5103893	61.10993853	75.92997592	81.80415638	204.892697	101.4843406	147.6537197	89.41077945	98.02150804	65.8236721	52.93205499	104.0011372	47.70844227
BANK1	9177.359918	7633.960182	19.41137259	49.22937803	993.0314299	7.014183016	16.02027146	29.19263501	92.53939613	79.8154876	86.58724759	37.1948578	33.00482498	39.18510516	108.7748971	4.929861418	35.51276327	39.56449682	27.08870144	18.99250539	55.75942073	33.46526866
IL5	11.61192289	6.618252721	22.53916948	15.96329864	22.81507783	11.32827552	48.58576071	18.8378526	317.6908754	12.570626	11.47899088	13.81492461	8.169496573	13.25903543	9.694581053	159.9554562	35.07363094	11.36906118	18.71157669	28.07283413	34.7038725	86.16972173
IL4	28.84260472	10.0823446	9.284199738	9.549519912	52.56882157	7.664565106	8.673663183	7.429093546	10.14540159	7.282627513	8.872339575	9.624468251	12.25198156	34.58584621	39.12138574	232.713076	10.77863651	10.44585498	13.17067743	118.0039289	32.63339605	31.86954261
CXCR5	298.694373	368.7814351	26.90915848	17.53626408	55.85644925	17.36373676	212.2750073	14.43114488	18.88504854	13.73208623	14.61246054	15.13101608	16.03380756	19.29227122	10.14786303	207.1265648	181.8245372	29.79215867	32.70801147	2508.080521	31.93919539	32.4851772
CD79B	4719.84198	5975.189254	72.14957289	61.59710526	209.7392117	68.04622904	64.07909887	79.32420695	61.7152637	38.49728027	158.7986952	254.4761746	364.2599841	232.5557133	900.5698225	192.0177626	341.3861217	284.1304512	229.2346632	425.1070045	277.8145759	863.4669544
LTA	12.01527664	11.68110017	12.82463268	14.60038983	26.31845898	12.5287015	114.1041953	14.98197508	17.78813205	12.95614608	12.51621864	2880.862643	24.18839952	16.83523098	12.60267124	2867.607058	27.69750654	258.3876509	21.16573991	524.4770391	13.28187351	138.2988262
CD5	212.2007839	482.7709118	259.6191632	270.5730739	296.9402652	259.243454	285.0923469	188.25878	219.5267689	182.0748079	312.9288878	201.6701633	283.2620394	223.7346793	459.3251879	918.9690411	1734.374565	1101.084704	947.6570017	1464.692495	508.249512	3513.782725
FFAR2	15.54382491	12.83845224	16.51972226	17.74165652	1048.091741	31.01207332	454.5513273	87.81654144	89.36683692	76.33948281	101.05938	13.44126834	73.96615142	4025.755477	20.15690171	16.94262088	15.89364427	11.92870205	11.77579288	14.98197508	24.4582214	28.272854
CRTAM	66.10701896	54.88908823	153.9609051	128.6403474	78.33058859	761.03216	38.22269719	85.70898291	106.1592663	15.54962061	212.0416867	652.8575264	261.1619294	83.96491114	54.0562838	661.2766113	114.0594238	308.5611006	1443.48038	42.15294578	829.6692685	47.76902833
CD72	194.0589782	1434.004736	8.05889839	24.27133459	13.37742609	9.476286725	9.588069329	123.9520803	15.55213132	6.665661843	9.096324111	21.03489045	67.34451995	9.272238244	8.359413914	15.72935292	8.195551244	43.04528298	18.8127059	10.23080265	11.4839684	37.64694269
PMCH	10.5949733	12.39999002	11.88490948	9.763369734	10.81046055	8.822055734	6.066370195	7.417755579	32.33716932	10.02000176	9.49164333	11.09025115	6.727160344	13.42857679	16.56020185	138.142275	14.81798486	12.96669349	7.056096164	9.800664188	19.44909386	9232.536023
TNFRSF4	14.8278152	15.01956589	1646.191207	203.4808519	25.15229317	20.73872674	1462.50333	441.126154	347.3968639	76.94630793	17.76981387	697.7043267	195.89287	28.18616394	142.8319114	1997.155963	524.4770391	22.20688826	18.71047795	1178.444669	21.35202747	2852.970487
FASLG	274.6088916	342.8390554	101.0667448	70.64960056	115.7068375	101.1502198	80.50952615	85.78259883	147.2678931	128.362777	108.383093	2218.049204	1537.723722	250.192653	188.93844	478.9874938	140.8491762	144.0787779	169.2167794	126.7421568	600.2580034	171.4953465
CD2	409.5822139	419.4350192	146.9688776	187.6124847	614.9120433	149.914948	112.6050172	188.1947985	138.5888054	332.6238386	222.357789	3097.47128	6247.906848	576.8272959	377.8722518	7866.426688	9578.936337	8002.722844	8182.951228	14057.43026	5897.393241	11226.69889
CCL20	26.99246182	39.50876033	1509.776445	14.52087814	31.12895874	11.31047112	724.6148681	12.8049967	5473.438695	13.96528518	18.85113165	20.31818041	18.43517451	22.44468073	13.71677829	1562.138826	29.40136468	13.08202394	61.54110043	188.6755023	18.13033499	12.36926288
PPBP	89.83852158	112.7304414	211.9393609	91.22599046	52.02064599	3754.147483	230.1459177	292.9918215	1402.0838	78.2133217	80.46672814	17.49572851	37.90535113	564.5799005	166.6443042	20.89581929	58.2388091	65.62156196	61.67249965	63.64624142	476.6620695	117.7291809
FOXP3	93.5353139	135.9782583	64.02824977	63.27839509	140.8020324	62.1654919	171.731211	63.79022174	23.27253143	69.49716875	76.15295297	56.57949837	31.98561018	164.6742962	41.24636078	478.810999	190.192431	129.5124355	65.14694151	146.8412284	103.9721613	2001.919746
HLA-DOB	4832.779431	6607.334733	2006.948626	37.2824505	227.8449074	49.6673024	1573.187324	41.5765162	48.71801042	63.49779998	102.1825691	188.3202183	230.4248523	96.88647987	4287.536344	44.00072194	47.963256	54.34069564	212.2757519	118.2666793	44.15872342	117.0529938
GALR1	4.348941107	2.661554274	3.475112044	2.493139629	15.43906987	2.442423079	4.897631255	8.968861076	18.24601309	4.223909018	4.179834102	3.69898121	4.227180464	6.071751695	5.90308276	3.847184414	6.212037366	41.01608039	3.908160923	6.994769751	18.63540007	4.835860747
FZD2	10.76683514	40.20305932	236.3498633	831.7517546	40.47220877	98.02418421	409.5554813	777.4188883	171.534545	210.0179936	455.2912189	11.61080204	21.52230454	16.40047837	25.20265438	10.89927471	6.482478073	23.74932601	13.86980966	9.463569762	68.17805047	14.54663645
GPR18	1822.014185	3056.84082	33.94734448	21.83449399	266.0015774	23.11613842	51.61492393	54.63497421	39.9013615	52.30100217	109.6660347	2025.829576	1204.171373	156.3072275	15.28674853	431.4075402	678.2573057	1241.790015	1037.066376	1521.532591	840.8407261	215.7526442
CXCL11	71.79483122	90.26229276	3956.496269	21.12034731	33.86659948	16.90510228	9059.841342	29.35940998	33.7735536	27.84781811	38.41873667	183.3079432	28.53859717	74.22060498	44.79050636	52.00544678	14.33061258	6.633637977	22.77124293	23.48774462	42.34729139	42.51314662
FPR1	387.2639146	361.3212533	222.4014754	281.0707287	3809.534017	880.9211063	801.8866109	408.5415267	716.9951177	660.8588777	9800.634834	303.3669097	397.2639649	27644.58995	343.9217634	161.2444569	240.3083941	161.9808797	210.2034137	248.213136	911.9483813	222.4633603
OSM	2.708641993	2.05303015	3.537000212	10.91034349	1657.870692	3.540709893	3.129845825	6.319098182	8.408928144	13.94683468	4.071675747	172.7170749	2.264192614	188.2377246	2.05303015	45.01752131	4.818030863	2.307902038	3.823397028	12.94364358	20.55380014	142.6507045
IL12B	89.59925365	105.275436	2407.546497	73.47854562	68.62419013	43.55770236	513.0848293	18.65300514	72.40950258	38.07655929	42.42610973	56.90002211	85.58316556	127.5501333	56.97214117	77.91715796	59.255418	28.4476789	41.94288686	42.09518393	84.12179397	43.47558877
IL7R	454.5504216	277.7164299	7799.647099	2156.179359	358.0842541	5078.293455	2163.365124	85.59144108	325.7294175	36.56114051	163.3050166	341.6294609	1159.340489	742.6718185	126.0983758	1965.113683	18085.9446	19513.31337	15195.16858	3066.253514	2118.827609	507.1604755
KLRK1	280.4713279	670.2708554	47.2591819	71.21203215	441.4201255	44.14759366	38.56086836	62.47198947	77.98871131	88.01964485	78.91616578	5454.73273	8790.503534	246.4439838	77.84292347	69.14462123	276.2455792	353.8455751	8228.460511	105.1489388	5199.517616	44.32349787
FPR3	243.6605005	325.6674246	4194.211448	5751.146697	211.1145595	3004.448975	608.2692535	2357.542622	328.0502272	200.0838912	203.421307	94.70041249	112.657984	277.4149037	84.16107071	99.98686977	116.5979064	97.29879579	105.807962	128.4835934	196.9377727	153.046445
BRAF	974.3131867	2571.803933	360.063401	230.0949786	925.5224912	312.9311159	369.770593	191.008753	301.8437696	153.4806628	264.8782577	257.1799046	298.7194597	721.2799495	492.0692023	178.3523031	155.551421	101.0267209	178.6931052	102.1260256	441.0280541	593.3232903
IFNA10	158.4224613	63.51120873	8.554973126	21.86200716	11.35404201	10.54848621	8.485896389	7.997120003	22.44617229	31.31689645	13.10429637	13.16479841	8.565645005	20.7783228	31.21088513	9.372947039	13.99751273	14.25566764	12.57137446	15.27320006	10.459288	155.2422393
MZB1	122.2593141	46.81934	22.41174764	23.21322482	52.52655798	22.27069193	30.4274162	33.81911592	29.49339673	30.79487517	24.85648896	26.15989089	21.76048739	29.79626914	20117.66469	21.78305128	9.914966708	70.2363913	42.83903749	18.16093232	62.51579389	65.46672008
