Gene symbol	B cells memory	B cells naive	Dendritic cells activated	Dendritic cells resting	Eosinophils	Macrophages M0	Macrophages M1	Macrophages M2	Mast cells activated	Mast cells resting	Monocytes	NK cells activated	NK cells resting	Neutrophils	Plasma cells	T cells CD4 memory activated	T cells CD4 memory resting	T cells CD4 naive	T cells CD8	T cells follicular helper	T cells gamma delta	T cells regulatory (Tregs)
SLAMF1	515.4872027	762.0351121	801.5218011	126.4411906	243.9828796	131.7093126	6057.915205	845.5065088	157.5576331	58.05601406	111.9089299	115.6197705	114.1243297	260.858135	1019.767442	2005.427058	1081.526073	449.8358705	496.4217166	1074.944299	720.6522405	1504.845258
TXK	195.384424	309.7698509	85.15990882	82.39792906	201.2173366	64.00962037	86.84214478	154.3565359	201.212217	173.7054259	62.96991111	2015.56144	1564.533681	173.9732072	85.82317784	175.3835932	426.3148568	1384.385645	676.0594416	206.762571	319.0374935	166.3675052
IL18RAP	45.38600163	63.16533501	89.09515062	88.07756471	1797.696657	93.75421468	24.97523206	38.64095647	362.4767389	239.2744548	92.02184739	5732.166309	6172.262928	2653.493356	22.92310159	367.9599908	275.2312246	83.75974388	541.6070596	101.4843406	4488.262918	113.0686831
SLC12A8	8.434874182	7.225818568	52.24193196	37.95714189	107.0092016	466.0589582	24.5564624	25.3393543	581.4055879	447.9225018	11.98809147	18.06584929	10.14791696	13.16312363	52.06339581	9.306658239	3.740216058	11.19206299	14.91996119	34.82375423	7.503468941	48.42252291
MEP1A	391.2004498	939.6261506	321.8834531	186.6180666	257.5044339	171.9329356	25.48235387	66.46616213	96.70274469	25.29772111	98.26125945	89.41077945	85.62849683	165.3704727	222.3862967	43.13043305	141.2290524	22.42983417	54.17625589	54.92226784	136.1749837	169.5472888
HRH1	165.4581351	206.5394742	128.2673018	202.5321442	81.41713941	217.6585736	145.2834807	2195.073255	116.6680467	119.1113422	72.1745748	42.47010982	54.07639831	227.8748322	161.4809975	284.8186666	101.1491714	26.48229454	75.97436695	78.2920509	212.4319062	108.9553664
RGS1	246.271589	180.1991847	3515.825678	62.10361148	6082.807012	147.1485549	184.9939733	63.8234625	474.484624	507.2404796	64.44174947	255.510178	147.0419785	111.3503483	742.0017818	1321.498692	1496.611591	215.6731441	646.7216655	1981.049393	110.3073506	1384.645326
FRMD4A	73.55800845	57.81750686	57.27849364	229.1834068	76.09249167	161.857003	256.1732314	1094.097795	57.91160526	43.95612501	52.74025927	43.21756185	46.14200777	21.62064394	17.18073516	48.33458991	71.89460431	24.03797283	49.31923782	211.2458646	23.15443689	38.98612196
GNG7	1494.305763	768.0078466	70.79123977	187.5124462	197.7715925	82.41009583	94.49057817	243.4861493	115.3507975	170.2524464	112.449475	53.08765217	60.45334031	455.4134725	2218.049204	75.96955929	104.2562884	99.42210121	133.5514698	63.64624142	51.82499254	214.2818797
IFNG	168.0836515	233.2462403	92.78571972	75.83739524	157.0213934	105.0542732	96.36432219	71.1513012	70.32219401	109.1827541	108.1486375	3575.236664	247.3486217	187.1620872	137.3910104	6344.879706	142.1822906	107.3272359	249.0786281	208.3394234	269.3932002	174.2692818
NLRP3	20.53269856	22.14183418	19.68892684	310.2780778	68.36800786	32.50574568	37.67910545	322.0620463	423.0729418	26.84988325	636.6292677	88.89574256	44.60257144	478.8774821	15.37842878	14.17835244	48.05321317	18.45676256	15.30576169	11.65755142	51.58523231	28.04117893
LTA	12.01527664	11.68110017	12.82463268	14.60038983	26.31845898	12.5287015	114.1041953	14.98197508	17.78813205	12.95614608	12.51621864	2880.862643	24.18839952	16.83523098	12.60267124	2867.607058	27.69750654	258.3876509	21.16573991	524.4770391	13.28187351	138.2988262
TNFRSF17	247.609295	22.5997525	17.5240948	10.59179267	20.98966863	10.59143865	9.409205288	13.52425156	6.534182401	7.227678736	10.1098504	8.910362721	12.50971798	9.35211403	7744.01596	7.947610014	13.44126834	4.347662735	13.81523144	7.855308418	10.04246187	41.18335555
BCL11B	133.7136259	166.5812991	76.4604343	95.81819269	306.9880201	78.00838097	68.0390322	51.07857308	52.15823403	53.86480939	88.02675109	512.27635	818.2107999	166.8927472	149.8210195	842.2142194	4962.937555	7177.230404	4183.738789	3186.537019	2581.692496	2748.114787
KIR2DL4	242.5966898	331.7763894	151.8311567	110.773487	187.147452	99.74347628	300.0125058	75.07815363	116.9912535	97.22199641	128.8246048	1692.521387	602.9726262	282.8093	326.5656738	62.54142777	79.00529624	125.3243228	122.2246008	71.00293957	247.0446849	119.6110333
CXCR6	137.922284	143.966553	93.76432338	61.54906754	86.73337152	60.50454252	68.56018671	56.08489855	53.14506673	58.16905397	89.88376184	139.1507517	175.2851029	166.6014244	129.4184927	1140.294509	190.1248095	92.27701669	239.577985	187.5232686	1037.795776	914.3089198
CHST15	380.4544171	375.0617962	99.79101855	317.7544695	1106.193591	1452.251166	103.4871553	1051.6856	895.2054973	1121.27006	3334.89402	21.63834323	43.29669296	4602.158626	2248.878473	34.12601784	41.68602369	56.31496953	37.3682688	41.65976896	339.1261865	82.84147995
CD247	53.69027623	23.66779296	32.48553108	43.67897681	459.1326292	23.92868112	26.9337182	81.83870096	105.4058403	128.4661867	35.27406041	15108.26954	16099.47966	59.83784952	65.55259868	2156.371127	5318.708728	7038.536622	5508.526368	5302.661793	9129.432322	9743.994501
RIPOR2	5267.741473	4719.699579	126.2864186	136.2081634	2755.053484	92.82935445	193.0268711	86.87890188	170.8249765	187.4701407	2428.861545	696.5310083	1586.716996	8329.197426	237.5875518	256.5379971	2808.159439	4454.485846	3376.093302	665.2076215	2376.662113	910.8875823
CTLA4	12.05483904	19.39158332	12.49357301	16.48246747	62.02243666	14.31666435	8.580759955	18.03666634	14.80064982	18.08044096	18.619765	18.71219759	11.01469755	38.69364838	12.39999002	1865.797683	606.1036832	282.3095234	19.09265901	2019.936149	22.98413575	4077.44587
TRIB2	915.3236717	1848.219528	126.8179678	255.2096152	311.6530554	152.1388719	71.30464757	22.3637411	1394.871276	1949.185675	123.0323791	1049.5197	1307.778436	155.8993479	262.8037637	275.8348106	2377.362513	2278.453629	1138.062023	5890.338133	754.1562238	839.9304115
TNFRSF13B	1498.256342	502.6927279	186.0239287	167.5646975	290.7927064	158.639318	240.986393	171.9065402	187.8628997	163.0912348	188.0078881	167.0688665	227.5044918	342.7765361	1292.53498	138.9893405	120.0804247	307.6962383	181.9551888	181.9526719	372.4166229	379.5542581
UBASH3A	12.70263006	10.12600478	5.677166893	4.841232059	59.1375484	4.993003471	8.795522384	8.195551244	17.94318894	13.69796446	6.105136566	8.533286435	6.038374156	10.09959562	8.087608443	203.0783034	714.9395195	2177.794994	876.3804334	935.0097588	319.0941238	1376.318036
CD1C	2899.133023	1349.225244	1002.723527	9523.260691	24.63751709	29.85115497	22.85969301	167.5032595	34.92829111	32.85124884	526.834127	30.67802465	36.32319474	258.2129965	31.29737364	33.58018677	204.5100438	77.23468675	44.14189025	40.92391452	50.88172305	16.8510481
CD3G	87.6081271	55.98119171	38.2153575	29.83579519	114.9902097	31.47187386	22.5839555	15.49172903	17.90169501	19.63068007	31.97464945	117.4404361	252.9163802	160.0909817	31.36207011	1149.980649	3066.253514	2859.409338	3348.560467	2416.241107	1121.515185	1298.021187
CD27	4138.587476	388.8197482	111.9872056	125.1576644	468.4975465	90.85495783	137.4401366	136.436149	89.47064836	123.9116687	136.4091916	127.3316351	196.4705551	300.1045211	7350.586942	1125.960048	4188.175594	4042.377012	5506.313911	5710.976341	2288.252945	6979.725316
KLRB1	241.3252476	119.5727193	37.00213293	94.79879985	276.4397193	26.68511703	33.3990692	13.5124231	72.13784357	37.48705237	90.24623781	5576.724303	12957.39238	322.6159656	39.37347577	500.6894521	10026.23944	317.5656356	8818.269216	4477.729529	12634.61161	1259.996581
HLA-DOB	4832.779431	6607.334733	2006.948626	37.2824505	227.8449074	49.6673024	1573.187324	41.5765162	48.71801042	63.49779998	102.1825691	188.3202183	230.4248523	96.88647987	4287.536344	44.00072194	47.963256	54.34069564	212.2757519	118.2666793	44.15872342	117.0529938
IL2RA	216.016679	151.2654723	2221.900378	44.95064885	133.8083659	33.9871692	3963.774053	146.4600699	310.0050923	193.2645954	25.41115885	628.1600217	42.04435301	31.22286334	79.81202979	4978.13072	360.4452087	87.16147336	85.8239546	184.4383466	31.18038026	3823.559035
NKG7	10.33850341	6.994769751	6.557717872	4.961302934	24.2643021	4.93466715	217.2245766	6.547727883	573.0034371	429.3526592	34.65463899	14574.73469	13911.17937	13.31565465	7.726182177	947.3726372	679.6910465	106.5387015	8640.630717	7.582193721	10086.41757	18.51226305
OSM	2.708641993	2.05303015	3.537000212	10.91034349	1657.870692	3.540709893	3.129845825	6.319098182	8.408928144	13.94683468	4.071675747	172.7170749	2.264192614	188.2377246	2.05303015	45.01752131	4.818030863	2.307902038	3.823397028	12.94364358	20.55380014	142.6507045
RCAN3	40.66450557	46.66611859	106.6270408	30.55512091	10.99141575	54.98818208	37.60063067	28.67150516	35.07280711	6.230147517	41.68337282	25.01169532	7.23560514	5.269930927	41.29948278	193.0935915	566.9862725	219.6437293	155.029818	28.81247015	28.35364012	332.6704532
CD7	17.28012062	15.62904812	22.00857195	27.07256267	48.57212298	16.0113349	13.36812571	80.61769372	20.04765141	12.17345488	20.48373388	2106.83981	1666.682281	25.19240764	18.02258618	1271.833268	1507.773715	2032.402798	2234.707961	2132.53501	415.8325753	7917.977191
KYNU	573.2552275	296.2994306	7308.577846	1973.598471	62.48037948	3089.346164	6316.573655	1059.119128	327.6913744	132.0617598	858.7450615	66.70647411	70.07148215	100.1093538	97.42434599	27.37818895	39.20610994	41.3563524	45.94858696	22.74378501	117.085962	128.3281017
CD28	183.9284292	170.6541081	66.03630917	87.37183838	89.18080942	62.22720273	64.48080982	207.2614073	75.16641	62.4258293	79.14901833	71.78378935	77.96041968	177.5405702	145.7577865	2294.871098	961.774233	462.9998637	527.4027958	1326.705724	524.1543544	1614.199583
CMA1	68.10609278	77.95639785	53.12239382	44.7774243	164.6813549	46.37300953	65.76280884	64.11513732	1622.195863	1378.879998	58.76829357	53.020637	57.33259038	48.25538871	75.6389405	76.31621718	46.6365232	42.09518393	25.22954469	29.75313496	77.40398982	40.08632954
P2RX5	9116.674392	9725.14216	35.5352843	37.21278271	355.9021695	33.05027296	21.68739568	20.0115018	298.9924978	174.3664719	175.5409499	492.8199974	507.7460936	35.46460502	2524.75311	524.8550881	770.0178375	670.8311858	784.9884834	2876.602126	1108.125761	725.3438736
CR2	559.6347831	1471.268235	51.3593367	16.28183461	122.0795542	27.25115703	55.67688175	39.48271435	16.32654871	16.71082041	35.1557773	64.40632604	25.27012551	33.0622167	139.9135207	17.8883765	67.24739132	285.69747	245.2703384	25.49933683	22.26236223	25.46161624
ZFP36L2	661.8816941	923.602815	124.3001947	532.3725666	311.9773023	297.4815667	23.57209837	303.5769537	54.25282854	34.42499963	1341.516598	263.103889	915.0156182	517.338976	485.6449165	366.0960572	3731.327234	357.0079722	3227.833526	641.8482849	154.9349031	2943.240501
SELL	8002.61479	11102.0298	137.3301011	121.953751	3001.389383	103.9204555	234.1716363	287.2191393	288.7165574	353.9899758	7242.740165	1590.659482	5741.494585	13724.93946	376.9049927	2531.49842	7104.510327	9805.46284	7418.862396	4188.175594	10585.56882	5165.445456
ETS1	792.2524045	988.8726693	115.7021417	120.6221577	230.763415	96.62991012	130.1202875	75.4038863	156.3004608	147.1300736	85.66933558	696.2669173	759.7185652	243.6131706	410.3171187	1261.517205	1902.189462	287.8283832	613.4935899	701.5416085	99.66586714	1031.179862
CD4	118.3512664	138.4573773	701.0986434	1340.751384	163.6390935	552.3052303	1574.336844	10105.34674	287.7837723	213.8663803	3343.906153	75.96955929	81.07568775	364.5571609	351.0163026	1725.414846	3710.379943	2495.269425	164.9509326	4363.016183	399.5375472	5524.681644
BANK1	9177.359918	7633.960182	19.41137259	49.22937803	993.0314299	7.014183016	16.02027146	29.19263501	92.53939613	79.8154876	86.58724759	37.1948578	33.00482498	39.18510516	108.7748971	4.929861418	35.51276327	39.56449682	27.08870144	18.99250539	55.75942073	33.46526866
CD79B	4719.84198	5975.189254	72.14957289	61.59710526	209.7392117	68.04622904	64.07909887	79.32420695	61.7152637	38.49728027	158.7986952	254.4761746	364.2599841	232.5557133	900.5698225	192.0177626	341.3861217	284.1304512	229.2346632	425.1070045	277.8145759	863.4669544
CRTAM	66.10701896	54.88908823	153.9609051	128.6403474	78.33058859	761.03216	38.22269719	85.70898291	106.1592663	15.54962061	212.0416867	652.8575264	261.1619294	83.96491114	54.0562838	661.2766113	114.0594238	308.5611006	1443.48038	42.15294578	829.6692685	47.76902833
IL7R	454.5504216	277.7164299	7799.647099	2156.179359	358.0842541	5078.293455	2163.365124	85.59144108	325.7294175	36.56114051	163.3050166	341.6294609	1159.340489	742.6718185	126.0983758	1965.113683	18085.9446	19513.31337	15195.16858	3066.253514	2118.827609	507.1604755
