Input Sample	B cells memory	B cells naive	Dendritic cells activated	Dendritic cells resting	Eosinophils	Macrophages M0	Macrophages M1	Macrophages M2	Mast cells activated	Mast cells resting	Monocytes	NK cells activated	NK cells resting	Neutrophils	Plasma cells	T cells CD4 memory activated	T cells CD4 memory resting	T cells CD4 naive	T cells CD8	T cells follicular helper	T cells gamma delta	T cells regulatory (Tregs)	P-value	Pearson Correlation	RMSE
10001625-TT-R	0	0.07372359005815884	0.05625949834973201	0.013811278574986114	0.2966564587637642	0	0	0.03863478854955297	0	0.1772668221815858	0.18062129546486097	0.023743347712535612	0	0	0.005334000234976086	0	0	0	0.10310600653473648	0.023661092480043475	0	0.007181821095067445	0.68	0.05410461039029973	1.0335515851418535
10001691-TT-R	0	0.07621828148508605	0.07192714238902333	0.008869884973523116	0.40490290620811825	0	0	0.019295640390459046	0	0.1781293760366991	0.12376924600206701	0	0	0	0.004901793367584534	0	0	0.0017649177376486914	0.06505639061643563	0.04516442079335535	0	0	0.54	0.12673895522468967	1.0111223337462414
11000047-TT-R	0	0.05753080607691197	0.07029735864701812	0.0014736766542968226	0.26999103827703597	0	0	0.12255097650697344	0	0.07664222071737752	0.1474568815144082	0.013926388266770616	0	0	0	0.0005	0	0	0.20947735270590986	0	0	0.030138946226536373	0.48	0.16814978785973103	1.0085416849297313
11000095-TT-R	0	0.09822826110858636	0.08141926746701302	0.00796487257186213	0.3716017157920937	0	0	0.04345865932818492	0.005260822051937285	0.025986323200206697	0.14279325606803636	0.022345238392992586	0	0	0.005818416051125045	0	0	0	0.153230435648765	0	0	0.04189273231919682	0.29	0.30197809268496745	0.9507937881547346
11000142-TT-R	0	0.1199190462471723	0.06754346117218107	0.027992982094091172	0.3702068901420712	0	0	0.03546886382710504	0	0.058569644640537696	0.09361618227482676	0.027983004067095637	0	0	0.04371458050784743	0	0	0	0.13001802249245203	0.0019152160093976805	0	0.023052106525221935	0.58	0.10659009199100632	1.022596871023134
11000204-TT-R	0	0.10792744822305239	0.07032608296790775	0.030668605167876926	0.34495003703876453	0	0	0.011167911431675753	0	0.09605125285300427	0.05691523732855299	0.018163187522620992	0.038657198398417573	0	0.032977072022492324	0	0.01142169477013647	0	0.14121957245453765	0.03428831025916732	0	0.005266389561792968	0.47	0.16994814351308637	1.0046233140247964
11000226-TT-R	0.005612682444179745	0	0.2408371933505195	0	0.1615062530762274	0	0.003204853491296957	0.003606410868105962	0	0.08875431186153233	0.19178234051432802	0.060571825358892134	0	0	0	0	0	0	0.11051429722457315	0.10110348057531811	0.011175274936800733	0.021331076298225903	0.75	0.0016188817501395683	1.0693044606486999
11000288-TT-R	0	0.07721409737330279	0.0680117322545802	0.004075434107554641	0.493007882874118	0	0	0.011927714857245988	0	0.01411390671436204	0.19839533686401534	0	0.0019665964380495685	0	0	0	0.009386606269581828	0	0.09307096111832515	0.0036265248221434105	0	0.025203206306721106	0.37	0.24659141138801605	0.9763325051803163
11000350-TT-R	0	0.07425809548300048	0.05098067113520314	0.007079565323431026	0.22642647260142834	0	0	0.07703887946929014	0	0.09726884613384623	0.08752133719574556	0.07106686451766049	0	0	0	0.008753594013498445	0	0	0.24230908134111095	0.03268402734952818	0	0.024612565436257006	0.23	0.33231900922870244	0.9440174370084687
11000359-TT-R	0	0.05283534632257764	0.1323070755855889	0	0.34305760958214354	0	0	0.015703085638671364	0	0.1251207220612345	0.14140996468964043	0.012965721154515235	0.002240708614325997	0	0	0	0	0	0.11111752970060584	0.04857777326653806	0	0.014664463384158407	0.49	0.16348628193770526	1.0006247949873464
11000365-TT-R	0	0.052208725868746114	0.014897735983991781	0	0.3377984341311454	0	0	0.0034621297088493156	0	0.1351418307055094	0.2582647915962581	0.004501215889926909	0.04066842378687683	0	0.008507511195717946	0	0.006738166546344648	0	0.11525077550494871	0.006896687088687692	0	0.01566357199299712	0.53	0.1344571703984249	1.018236886836838
11000372-TT-R	0	0.09692833307130709	0.27125149730131454	0	0.03848802066033535	0.006656616881284415	0.03648674746304709	0	0	0.06366452055124353	0.105494658871498	0.057430843519315544	0.048670869466042065	0.007716676541385978	0	0	0	0	0.13452111882884826	0.12735242513799958	0	0.005337671706378547	0.53	0.13569827688876343	1.0377792722981534
11000374-TT-R	0	0.09974320023146692	0.06231746398383675	0.005672648614086441	0.43942527259995473	0	0	0.0026864493614146144	0	0.013630102337081597	0.20208759310852648	0	0.018015876403366764	0	0.007713463719986358	0	0	0	0.11848988345151709	0.024820615550938327	0	0.005397430637823921	0.66	0.06248864849676645	1.052524949393517
11000381-TT-R	0	0	0.31465211348615	0	0.27692446782198066	0	0	0	0.02737747592901774	0	0.19588291074752603	0.0022949717253806243	0	0	0	0	0.0024051097233442945	0	0.06645169923054103	0.08370351034664307	0	0.0303077409894166	0.33	0.27138607982138396	0.9653699769657463
11000385-TT-R	0	0.07598710329298555	0.07220442161710243	0.016091428370467693	0.36093792512423745	0	0	0.017850675289189807	0.00838486776873864	0.07005385822483869	0.15615026428749904	0.0020166716710894633	0.018732413425088863	0	0	0.0043158287003529664	0	0	0.10374164109055142	0.09353290113785802	0	0	0.41	0.2315707539863647	0.9772517004133185
11000403-TT-R	0	0.05527051477948735	0.04688067187940415	0.006892408883806087	0.292065786773248	0	0	0	0	0.1855717151561214	0.19264771493667365	0	0.05381042682524288	0	0.016146356725647775	0	0	0	0.09228355993515443	0.058430844105214284	0	0	0.68	0.0480372406937025	1.0406801124660394
11000461-TT-R	0	0.048123747269060574	0.07454412732955952	0.012523427869073452	0.46397793063480613	0	0	0	0	0.007344634609853368	0.25812256826659946	0.004365190926557184	0.01103879589678403	0	0	0	0.003258887785753832	0	0.09908716614153927	0.006815581009120538	0	0.010797942261292728	0.54	0.12927117062612978	1.0236082858165443
11000498-TT-R	0	0.10003669326481175	0.08073389115037159	0.018801647207697808	0.4239252384602923	0	0	0	0.009748224426880794	0	0.19351976238897622	0	0.02169480076000415	0	0	0.002116499243135853	0.006173500097594418	0	0.09484356896552425	0.036887950412610906	0	0.011518223622099958	0.48	0.1657999811964971	1.00851593595778
11000511-TT-R	0	0.04254498298735923	0.12847520582572244	0.02127410549941859	0.3844956220795915	0	0	0	0.017012531377626913	0.0030162318441274002	0.1327738580420026	0.030461969308986727	0	0	0.05022982618500075	0	0.0006	0	0.17472757497830463	0.014363348347546196	0	0	0.41	0.23357337137498538	0.9810828214054509
11000515-TT-R	0	0.0402977551791895	0.11192547872333619	0	0.22241667372809415	0	0	0.060880042841929397	0	0.2820359886206768	0.14429818945300005	0.03242994264629996	0	0	0	0	0.0011896506232967148	0	0.07710452046406617	0	0	0.027421757720111066	0.69	0.03841842505007104	1.0283601657374062
11000552-TT-R	0	0.016441528976999437	0.06823772658833935	0	0.5015119293013477	0	0	0	0	0.008301231376986214	0.2582991688783386	0.0006	0.021458893761196647	0	0	0.012809378274064339	0	0	0.11235261310313807	0	0	0	0.43	0.19486290949654198	0.9996131565337313
11000557-TT-R	0	0.06476325902038012	0.0945020657189576	0.018895805558740496	0.5014359390637106	0	0	0	0	0.0001	0.17782945707863654	0	0.017718637017888693	0	0	0.00328128401761308	0.00338687952988398	0	0.10419514941952512	0.00759583900647801	0	0.006328432197734566	0.5	0.15529654059506223	1.0132285396836411
11000562-TT-R	0	0.09957471089716165	0.1077448803467715	0	0.3750696385153362	0	0	0.02778365472904403	0.03467752064469562	0.02916063222849102	0.17864094442787376	0.01796953248629328	0	0	0	0.0010526623538774042	0.0268249204118333	0	0.07376042713853224	0	0	0.027740475820090035	0.1	0.5268285992854046	0.8571354222373593
11000573-TT-R	0	0.07567665286196391	0.11032348072236135	0.025425743627256314	0.3402261324771557	0	0	0.044333349574289825	0	0.06264907017815849	0.15112267191924272	0.011992151979846698	0	0	0	0	0	0	0.10953078464530164	0.06871996201442335	0	0	0.43	0.19966501184120072	0.9881129047152751
11000593-TT-R	0	0.05739718786094075	0.12691820284482683	0	0.2956717748365737	0	0	0.032271875491025635	0.039794205816621735	0.05809759724234558	0.17169248831201608	0.020487332089243776	0	0	0.009451994881048741	0.013490254414006449	0.03479541084470014	0	0.11182544776694837	0	0	0.02810622759970213	0.07	0.6125297514932475	0.8175612784723353
11000674-TT-R	0	0.07615205496608529	0.09091667737697423	0.00907649064328574	0.38746157910064594	0	0	0.0013439623232819413	0	0.02132329073319141	0.23310393335396687	0	0.02602000360218018	0	0.015812580038761754	0.005056495084591929	0	0	0.12307254214736005	0	0	0.010660390629674684	0.52	0.14497862595511907	1.0169952654832108
11000679-TT-R	0	0.040177973687832276	0.11860521920571193	0.004635907075948646	0.41637677241835996	0	0	0.004129544764005931	0.02403814478879513	0.005370499829544648	0.17555997409376126	0.029428032612855003	0	0	0	0	0.04365156174659551	0	0.09778323318826733	0.020590170579562306	0	0.019652966008760132	0.24	0.32853003837900563	0.9407826566784537
11000681-TT-R	0	0.12770341770701082	0.15251068836423293	0	0.14087771094202559	0	0	0.08372386456889382	0	0.16512800862479746	0.06676029933900719	0.06333857150274402	0	0	0.002333445088819827	0	0	0	0.17709943698605962	0	0	0.020524556876408702	0.72	0.029518310369509578	1.0584243670438058
11000684-TT-R	0	0.08365834263261827	0.08228678775391797	0.00402541694812643	0.2687350868288022	0	0	0.04060665502559403	0	0.15237908118794705	0.2440153700216231	0	0	0	0.006966679512244303	0.005946123276895924	0	0	0.0979106052768088	0.00652702862346308	0	0.006942822911958846	0.5	0.15160070519537983	1.005443925887459
11000689-TT-R	0	0.08580429019691307	0.04810789064971016	0.01208301413529804	0.43755308454939207	0	0	0	0	0.08791395431367417	0.20926438286846044	0.007901384552085885	0.0003	0	0.003667912609741239	0	0	0	0.0790902530032491	0.02041677024077909	0	0.007848083935349737	0.46	0.17223008458202918	1.0020971339137439
11000814-TT-R	0	0.0703150067240985	0.05028160906203354	0	0.16029292018297403	0.025634718912637616	0	0.0424147912254936	0.15608377554781958	0.06654597245005102	0.1844540318343081	0.005084486994300538	0.0625417277027559	0	0	0	0.07072964208402249	0	0.09892034745409477	0.006700969825410306	0	0	0.57	0.11976751641610417	1.0253307597548602
11000842-TT-R	0	0.06031493076190089	0.11680525389814438	0.006664653439192492	0.37364856167418375	0	0	0.013305350577792781	0.023545324989860474	0	0.18317465294311136	0.04736781270937874	0	0	0	0	0.039235750842385356	0	0.1143124447996362	0.010299459940992016	0	0.011325803423421568	0.37	0.24440044535118577	0.9768385316602793
11000843-TT-R	0	0.14198885553439525	0.10860007120592564	0.005313446165957754	0.14314594190469881	0	0	0.05823298212161834	0.13120444246328453	0.13183714893591858	0.0562320141889527	0	0.051428472021280563	0	0.015268437730846589	0.004001659588756989	0	0	0.09654124220986016	0.056205285928504135	0	0	0.66	0.06275283373704049	1.0296875653089876
11000846-TT-R	0	0.08021129836534698	0.04485789023144325	0.011181484362524089	0.32402489133523454	0	0	0.05547596062621371	0	0.10727679574215222	0.15482629543561705	0.027114200817429865	0	0	0	0	0	0	0.14121616496184514	0.045644167661224005	0	0.008170850460969176	0.62	0.07746195340360186	1.0344987660846081
11001063-TT-R	0	0.039224043282649036	0.15130673884535734	0	0.47049379555562987	0	0	0	0	0.005658288091473462	0.15177719673677986	0.007089583751331858	0.013641824229646958	0	0	0.011669836361314617	0.040624692939375345	0	0.08641021878796144	0.009844648465489776	0	0.012259132952990403	0.21	0.39084658424130986	0.9146106485219567
11001807-TT-R	0	0.08702807155005897	0.06973703440962405	0.007646731738260315	0.14985867618742543	0	0	0.11433984566267229	0.036501833910557106	0.11828434912771359	0.0658359420868207	0.06733694316603574	0	0	0	0	0	0	0.1859665045856511	0	0	0.09746406757518067	0.31	0.28133880377984	0.9590970107663404
11001820-TT-R	0	0.10510707208748621	0.043952505991628636	0.01526463459816578	0.4195663264730297	0	0	0	0	0.05719549656605379	0.2012534617883608	0.020499788846466256	0.0051945875413641025	0	0.0001	0	0	0	0.09609300622222074	0.022931957169929063	0	0.012857206344611322	0.75	-0.0014	1.0690443868789468
11001866-TT-R	0	0.040174329223799876	0.19623606268068586	0	0.12453000182380367	0	0	0.08755379469827786	0	0.11726354339258428	0.13436036914611613	0.045485428186029214	0	0	0	0	0	0	0.17330111404458284	0.028837693635684804	0	0.05225766316843552	0.68	0.04328494877103985	1.0563833825215718
11001903-TT-R	0	0.07704722715851534	0.08135817096007228	0	0.2301022906066522	0	0	0.06914334288459952	0.041314632622083396	0.16096346165636324	0.15200472128250384	0.020322735137540793	0.013435932950817445	0	0.005788436471474387	0	0	0	0.11591755706998741	0.03260149119939018	0	0	0.73	0.022209117868562698	1.043163132702371
11001997-TT-R	0	0.09216407522124316	0.10545292781563718	0.025574629787959498	0.2797128167411196	0	0	0.08812431860552598	0.0038214171541651808	0.0306357086246288	0.10348360082319068	0.024373487564649205	0	0	0.05369260594314638	0	0	0	0.16294019982845767	0	0	0.030024211890276674	0.54	0.13149660508878955	1.0143285908394688
11002033-TT-R	0	0.07328587129117879	0.1016830919805869	0.016662807876587353	0.3487330706539535	0	0	0.05901862818659156	0	0.006616651694861853	0.16384236916780234	0.002743081526386017	0.012968214102393825	0	0.006586825604436267	0.017712291625713167	0.03391613186751	0	0.13698013271337137	0.0032810541869129654	0	0.015969777521714062	0.31	0.2800599370470442	0.9615478034848784
11002106-TT-R	0	0.050962640997748734	0.09793464443099364	0	0.16733060894597024	0	0	0.06657190008179249	0.16075354619344293	0.08329179151449197	0.19884244141591403	0.01219919528689988	0.02964538827177631	0	0	0	0	0	0.12005176107098138	0.0028195138233720078	0	0.009596567966616376	0.58	0.11054230958823724	1.0154605077471586
11002212-TT-R	0	0.08694301279686979	0.09457430408912221	0.0037281081563592415	0.3702703855707051	0	0	0.014207826851006612	0	0.08385036669456791	0.1866479779793026	0.013020632893828137	0	0	0.001177423002285427	0	0	0	0.11095171564093449	0.010143613951319455	0	0.024484632373698956	0.37	0.2530190236995573	0.9698446880539744
11003687-TT-R	0	0.08330559158522909	0.0536801373195786	0.0065716179890304175	0.27075498998242253	0	0	0.010022714670286455	0.0861306412411524	0.11712407185228133	0.15073120637110446	0.009597214082434382	0.006885545309660599	0	0	0	0	0	0.17390404669681725	0.006921994599911583	0	0.024370228300090988	0.44	0.17629345641123836	0.9998646717819156
11003704-TT-R	0	0.0890275002070767	0.06904542143375302	0.007670664470416271	0.44111269688854354	0	0	0.002239574478481277	0	0	0.2333889650099262	0.009513435076198893	0.004995767806533667	0	0	0	0	0	0.10120399712003046	0.04180197750904002	0	0	0.75	0.004708953761798031	1.0730011501741645
11004126-TT-R	0	0.06222395544774378	0.07964206799163448	0.01706529530339146	0.40864287924257875	0	0	0.05864203213079293	0	0.014622806446943552	0.18323364997570388	0.01499611558790386	0	0	0	0	0	0	0.11970696126346433	0.03769069880648131	0	0.003533537803361676	0.29	0.2996134017831615	0.9519246619554217
11004229-TT-R	0	0.0728571460883964	0.0891581876050255	0	0.34285892722160916	0	0	0.04315577588562785	0.01903018529348693	0.04030718837015317	0.14598983755763123	0.034675533295430175	0	0	0	0	0	0	0.14976687018557297	0.057312654510951674	0	0.004887693986114882	0.42	0.21133226184037104	0.9877038188098469
11004355-TT-R	0	0.11637546792848265	0.07307881475801095	0.0028208960579799596	0.2505616621308632	0	0	0.00689500175684884	0.09545651493936205	0.04637500132634913	0.25340921388158916	0	0.020744392396014683	0	0	0	0.005964554087222257	0	0.11890486033073547	0	0	0.00941362040654174	0.65	0.06729520517569128	1.044365743699265
11004491-TT-R	0	0.05354385173919013	0.08941856563005054	0.007743555001603567	0.3934052879140831	0	0	0.04786219074553475	0	0.014901712634302077	0.1847880060646479	0.0037997094529325045	0.0016479633066793767	0	0	0	0	0	0.13887163793476573	0.05598765601618396	0	0.00802986356002631	0.44	0.18483105182456377	0.9993683040748923
12000021-TT-R	0	0.07558212677380156	0.06836435783298753	0.013031093681430291	0.4628376111690335	0	0	0.017662967774518756	0	0	0.19841478337662732	0	0.019092115093923147	0	0.003778854519705139	0.0028580592655903236	0	0	0.11189902946249407	0.011986353272781913	0	0.014492647777106465	0.49	0.163474861772765	1.0094401935444757
12000107-TT-R	0	0.09445358616982259	0.05843547456738192	0.005972810335871063	0.37572904400003404	0	0	0	0	0.0809849965852556	0.2236830919122876	0.008921977446169425	0.011232685486037132	0	0.008061382008010114	0	0	0	0.11576806053579071	0.002472633099436816	0	0.01428425785390293	0.33	0.2693585440936805	0.9653438907446098
12000111-TT-R	0	0.03148311982516746	0.0879685200254955	0.005227805995068403	0.4182096680633859	0	0	0.021864626879217197	0	0.028225561878953174	0.22260651785692934	0.021773114759721462	0	0	0	0	0	0	0.14285251585136127	0.006944730597508225	0	0.012843818267192079	0.42	0.20495337917885842	0.9924952593539019
12000477-TT-R	0	0.06834401649536974	0.024058637439854574	0.014833793334940813	0.4812316609768444	0.0033639341733183183	0	0	0.007443585296776551	0	0.2558698228867874	0.006663539156305645	0.018050486533916204	0	0	0	0.025032817604565685	0	0.08196538375249929	0.009045837965389528	0	0.0040964843834318905	0.29	0.2941153598686845	0.9583391720330462
12000755-TT-R	0	0.1132343866267172	0.06191789203789932	0.015068648292041747	0.4171872231820182	0	0	0.004799205328252594	0	0	0.17958227784265524	0.021858972132234773	0	0	0.007762924176996404	0	0	0	0.13032136780824233	0.03465449876547791	0	0.013612603807464319	0.49	0.16148812989883243	1.0125099405867388
12001290-TT-R	0	0.04649604017060974	0.07883767839405052	0.008989611959682826	0.4295861875994732	0	0	0	0	0.02494609958007253	0.2457556029710955	0	0.02865581369893062	0	0	0.0016264886362443644	0	0	0.08859956617085507	0.04650691081898565	0	0	0.45	0.17453848435252445	1.0036432722841933
12001311-TT-R	0	0.10175599777407308	0.08531215918901097	0.013061421695055165	0.3934629545478454	0	0	0.026759731725142667	0.011262588463014424	0	0.19997545769676864	0.0018254075086989617	0.015267522922205993	0	0	0.0015911422302694483	0	0	0.10455971350736272	0.03985944304679576	0	0.0053064596937567295	0.45	0.17324919551133422	1.0043232086422205
12001512-TT-R	0	0.06446886577902876	0.04517555561311878	0.023981390481971798	0.2936453587798091	0	0	0.11690610468261135	0	0.12762850957161137	0.12900725778762945	0	0.03503423531650175	0	0.007369327564344596	0.014800828962841456	0	0	0.1323548247983105	0.009627740662221105	0	0	0.68	0.044225242302054435	1.039033103941549
12002385-TT-R	0	0.09859632478589325	0.06347971582095853	0.027226759483135014	0.4125130885404953	0	0	0.020629441458300923	0.02175051775761152	0	0.17992674110859094	0.006189707271121803	0.001343469041603354	0	0.016762736645883416	0	0.005489932884803669	0	0.1135360120060756	0.010322959617688823	0	0.02223259357783791	0.54	0.1275878257896201	1.0201866558490071
12002841-TT-R	0	0.10752703118171798	0.1178886648117965	0.008939052824652823	0.13724243159046132	0	0	0.13058583149842462	0.011947332763833637	0.131077749253282	0.12087578607680749	0.03504035642877386	0	0	0	0	0.0091953446829757	0	0.1395388220546012	0	0	0.05014159683267286	0.44	0.180791023394944	0.9936295648544384
12003310-TT-R	0	0.07123958119695373	0.03665099917271333	0.006649553960536483	0.33733652403248754	0	0	0.011826181174124699	0	0.1357685170188855	0.24359129940765872	0.005505054507910114	0.018599382061492958	0	0.00937163930636907	0	0.0036393301342208637	0	0.10557685864815364	0	0	0.014245079378493397	0.54	0.12640029367575364	1.0172925509028234
13002183-TT-R	0	0.04010522558725051	0.095236673874874	0.004002224358277624	0.4088294130988762	0	0	0.02609110083824875	0	0.015723525725032293	0.19893139330277632	0	0.03548046390927109	0	0.03763592064414467	0.00970018617709026	0	0	0.10758224145049947	0.005813947601400779	0	0.014867683432258064	0.57	0.11979656552310644	1.0204608960609358
13002327-TT-R	0	0.09806349107957672	0.0789435965411762	0.013483975475274091	0.37939025725929265	0.009820075423709072	0	0.038768280721610274	0	0.009426162002794286	0.20642229274989915	0.014693845474961099	0	0	0.011242409218388599	0	0.0216508020624274	0	0.09919997622803865	0	0	0.018894835762851715	0.34	0.26798550017561656	0.9653413141205374
13002461-TT-R	0	0.07322018415840675	0	0.007487037920403602	0.32316685785870886	0.0011520438508897236	0.002552519868193209	0.040309554051578746	0	0.16493927694615532	0.1569089372134029	0.008442593414247027	0.01895651217464912	0	0	0	0.04777612095480474	0	0.11801121253485193	0	0	0.03707714905370808	0.74	0.009983112421982684	1.0625170564153001
13002506-TT-R	0	0.07492077782684975	0.07663892436052361	0.011835581061088556	0.4576208998640313	0	0	0.007674132880771212	0	0	0.18887301398794465	0	0.035145011010652066	0	0	0.0019471693749578162	0	0	0.0756486428699041	0.06969584676327693	0	0	0.5	0.15621389821665715	1.0105549401711822
13003423-TT-R	0	0.07043529547050381	0.053238702335163084	0.00212323469837079	0.3374264786976279	0	0	0	0	0.15017920981040814	0.2341032636947664	0.016529868365408124	0.012490919757719453	0	0.0008	0	0.009820233550977218	0	0.08399152187627282	0.016644396492892656	0	0.012239187063540507	0.59	0.09386544915808041	1.0269266404549493
13003457-TT-R	0	0.16040553956149256	0.08214986222165188	0.01578582511311686	0.2044011376483451	0	0	0.10327818416113087	0.0492084236318579	0.11602807076904476	0.04459389100208848	0.01817330835157086	0	0	0.011422081341549054	0	0	0	0.13903244507280027	0	0	0.05552123112535152	0.57	0.12178117993443952	1.013432964801322
13003473-TT-R	0	0.0669371681361926	0.12201343562342774	0.0010514128053651917	0.32900324670377484	0	0	0	0	0.1136206399997168	0.23742030691330723	0.02076691517486266	0	0	0	0	0	0	0.07759499270105749	0.02783472996320322	0	0.0037571519790921826	0.69	0.03460585637822897	1.0460901050776084
13003494-TT-R	0	0.05256866818122631	0.11073384055829345	0.023198922065069766	0.3732965540350297	0	0	0.016765495837654083	0.024704909207688527	0	0.17782484080270253	0.042729176940280965	0	0	0	0	0.03456267964532715	0	0.12112053087662654	0	0	0.02249438185010093	0.27	0.3082621047410352	0.9489794688868566
13003536-TT-R	0	0.025746152616170206	0.08031340461025248	0.007436191820567281	0.22036368449501872	0.002840222499810409	0	0.04835505750665112	0.02725879118548724	0.13696989765322334	0.1832675262602717	0.03541136272259721	0	0	0.05423798438764896	0	0.017335244871007988	0	0.07866950168417385	0.04329006897376506	0	0.038504908713354435	0.37	0.2512537595206127	0.9654868045569178
13003561-TT-R	0	0.09130158836335103	0.07226017289735254	0.009050692782165491	0.15861401031723574	0	0	0.08586006235212743	0.14813353956601008	0.12793520891284452	0.0856014010017341	0	0.054968495791661104	0	0.023727870831778887	0.029451378895402846	0	0	0.09038947621312654	0.019287981441648637	0	0.003418120633561033	0.58	0.09799231037188093	1.0113204718021223
13003601-TT-R	0	0.07476653718112837	0.09312042474986809	0.024139791002275885	0.2827757161698391	0	0	0.08912258204574354	0.01527585577561793	0.056633039872708346	0.1505473618612963	0.006732060177309494	0.025190752756132296	0	0.011354703642461212	0	0	0	0.11815785998094296	0.04954176213003576	0	0.0026415526546406153	0.43	0.19304033541213125	0.9895000014623193
13003621-TT-R	0	0.05773011897791846	0.08178562133438157	0	0.2237816062375946	0	0	0.004620257120806756	0	0.2740334089429867	0.22396666757330766	0	0.041430985231347625	0	0.0036836533922651807	0	0	0.018362963121154506	0.05942883671437729	0.011153988158539518	0	0	0.78	-0.02	1.055693472768346
13003660-TT-R	0	0.03225448418159397	0.1017118416722526	0.008617889116827688	0.458351091029875	0	0	0.03560358833730215	0	0.016810809452035648	0.18991299574294568	0	0.007105409914257767	0	0	0.0001	0	0	0.0999805720250366	0.04148264595740086	0	0.008052347577985175	0.42	0.22718477185837674	0.9815566287703866
13003724-TT-R	0	0.05553494643179986	0.15602983318800995	0	0.07175495676820594	0	0	0.2334105118024832	0	0.09578960634076264	0.00627773429198512	0	0	0	0.10154877246908879	0	0	0	0.23829618633331462	0	0	0.041357452374349915	0.42	0.226873019827415	0.985041810616807
13003758-TT-R	0	0.054339671235007124	0.07240430736794184	0.01467691290433998	0.3949467478741267	0	0	0.004884759289326522	0	0.019448892844831166	0.231016140529156	0.014339589081511395	0.006227057879739703	0	0.0004	0	0	0	0.15778914783756667	0.021820832933600896	0	0.007747568526892485	0.63	0.07273248153969693	1.0497492843268423
13003772-TT-R	0	0.06726705088900822	0.08017307317671295	0.009839717463340678	0.4288022939057195	0	0	0.03058295752982807	0.0022643366729691353	0	0.21547789190908412	0	0.014756314174935318	0	0	0.0028135147504545184	0	0	0.09553870950031415	0.05248414002763335	0	0	0.45	0.17477751728312488	1.0028760441695563
13003773-TT-R	0	0.08321230278199547	0.07232572667332939	0.018938714796388482	0.49493924976263154	0	0	0.02205316570860214	0.0028467830814578707	0	0.1774878663604562	0	0	0	0.009310657316307345	0.001172657855635209	0	0	0.08895196820914436	0.005702275676666293	0	0.02305863177738565	0.33	0.27082427934313424	0.9651263699070262
13003923-TT-R	0	0.07217373013718843	0.09304022488796894	0	0.3944811712097911	0	0	0.001954437383622754	0.01283573038008416	0.023237561593226465	0.15409917445427374	0.04534655852948827	0	0	0.025898567823650017	0	0.040679764436066294	0	0.1042728257403777	0	0	0.031980253424262195	0.17	0.4121196899879871	0.9029574935710457
13003954-TT-R	0	0.04432051333277182	0.07949538496285057	0.012561251965968603	0.47630645768460866	0	0	0.04286746891926919	0	0	0.20057519465257573	0	0.004194220596081665	0	0	0	0.02630088043067759	0	0.09648580262638334	0	0	0.0168928248288129	0.52	0.1415626248089403	1.017332265499752
13004000-TT-R	0	0.05548782127606318	0.0872902228703597	0.009480659014936638	0.3634745392623429	0	0	0.04234145234643071	0	0.06430897773163824	0.20892522408110883	0	0.03073942518965856	0	0	0	0	0	0.10457689253082462	0.021049065714864264	0	0.012325719981772301	0.58	0.10214725166595041	1.0263434650011656
13004134-TT-R	0	0.061439744656858024	0.07833093440150668	0.011298822351504163	0.4308932658674857	0	0	0.02577457778058942	0.004169651479299173	0.004777843399556665	0.20288265866195673	0.02518029314304226	0	0	0	0	0	0	0.12388111135266279	0.016165180887555124	0	0.015205916017983271	0.43	0.197916502660763	0.9939812977977085
13004198-TT-R	0	0.08503411968006334	0.07486347564181178	0.0013906146327820861	0.4218480852999904	0	0	0.026437622077389554	0	0.022392232075153822	0.20298499444321413	0.003335906151687698	0	0	0	0	0	0	0.1123039266250924	0.036270136152226594	0	0.013138887220588133	0.23	0.3341036266088118	0.9387161730089112
13004272-TT-R	0	0.08502961566791659	0.060014665984463075	0.01446046759027425	0.26490958894811784	0	0	0.12719788940605162	0.06757167144658012	0.05864938856763306	0.11213106305382653	0.0011878089972305905	0.016968911933553408	0	0.00577576131152301	0.014195521370160415	0	0	0.12388215245328216	0.03627776773938961	0	0.011747725529997713	0.52	0.14598134339402566	1.0029836893057107
13004283-TT-R	0	0.05610378014654208	0.12721708809220733	0.0017298484725914258	0.3916780366921617	0	0	0.0006	0.02321909484116975	0	0.20388340624658655	0.03629199551580857	0	0	0	0	0.05320811065840884	0	0.0706407443350682	0.023780649302703665	0	0.011685111973353764	0.35	0.2570869378704006	0.9704384020457236
13004346-TT-R	0	0.065886991290454	0.09730998349560337	0.020121983217950407	0.30123914532761564	0	0	0.09433235089762956	0.02008995292438297	0.06692622996431698	0.12547296333023292	0.013062973319399169	0	0	0	0	0	0	0.1217624256549517	0.06309425346749649	0	0.010700747109966817	0.51	0.14863863846541603	1.0042034488062848
13004366-TT-R	0	0.041411854926333376	0.07808022765513067	0.013054178885843364	0.36054395346688595	0	0	0.0577033433147022	0	0.04046221816651924	0.21871191927617545	0.010748097867383007	0.004263618807174664	0	0	0	0	0	0.12605744646650524	0.04178986914042087	0	0.007173272026926056	0.58	0.10325292406068654	1.027234038091849
13004461-TT-R	0	0.03288595090440948	0.04607028622734034	0.008472273350684817	0.2639630756660328	0	0	0.07694723386941375	0	0.25674685672168845	0.19286486652859217	0.015651113073319612	0	0	0	0	0	0	0.058610383512211615	0.047787960146306985	0	0	0.66	0.06640838237272036	1.0239154922539233
13004578-TT-R	0	0.11953151102297654	0.048726135286169515	0.015180064056476443	0.23105829320081478	0	0	0.08288154947594223	0	0.13661905111511374	0.0907755754328178	0.06412110266893024	0	0	0	0	0.0020202955969733792	0	0.13853578403671363	0	0	0.07055063810707163	0.61	0.08452936643872212	1.030439404572505
13004717-TT-R	0	0.05513975939437883	0.1632372878919773	0.005830235922277453	0.34462803254975705	0	0	0.008932061328591185	0.025465962999127532	0.012653362313390471	0.14032762064648213	0.033105742399550345	0	0	0.006808706057447107	0	0	0	0.13729144353491682	0.017250621371649816	0	0.04932916359045403	0.16	0.4265742431796324	0.8967470722034646
13004746-TT-R	0	0.08459063770036977	0.05452683906760353	0.017246976619413063	0.20289532205737684	0	0	0.113685147512142	0.05509172369302414	0.14199379752068003	0.1235705072480444	0.012424654986484299	0	0	0.010217597430709912	0	0.01769279452092193	0	0.11318186399240265	0.001203007049931923	0	0.05167913060089562	0.42	0.20615784136252402	0.9808295470786976
13004868-TT-R	0	0.03669256189059123	0.08617548777573432	0	0.1418566546565656	0	0	0.1298359915127556	0	0.24421478180254985	0.10288763538643796	0.06793898913179335	0	0	0.04077052151846589	0	0.03065273597296669	0	0.07200339390221194	0	0	0.04697124644992759	0.68	0.05361052555812272	1.0233970272009254
13005070-TT-R	0	0.013184275926313082	0.07620955746144362	0	0.15832558059856994	0	0	0.18838951799330506	0.06935462287008005	0.22144809564047557	0.13369935242396236	0.023285885241452205	0	0	0.001381078980018201	0	0.018919941919156177	0	0.06666139744817026	0	0	0.029140693497053446	0.4	0.23741991675819732	0.9753552021994147
13005327-TT-R	0	0.0776539104936845	0.06835691406095881	0.012103424507479385	0.4207061085164263	0	0	0.016534280105774755	0	0	0.20773372195728917	0	0.039708870231529705	0	0	0.004540846997758914	0	0	0.11518458640316068	0.01721130126050691	0	0.020266035465430904	0.59	0.09429091548345771	1.0385478974978062
13005375-TT-R	0	0.05893985630442094	0.14824290660084866	0.0003	0.37765580606826377	0	0	0.01737685255697074	0	0.10712795984575715	0.14575378023692234	0.012037746775751342	0	0	0	0	0	0	0.0541250511862554	0.07847460894874948	0	0	0.24	0.322712047514755	0.9441348977807132
13005389-TT-R	0	0.10285580018140345	0.06674572227925003	0.006186263952908014	0.30246896824248426	0	0	0.04025796357811538	0.0007	0.058867000381456445	0.1810697292907959	0.012575984574771878	0.020779823095435242	0	0.02725014985882463	0	0	0	0.12130361524664121	0.058916607636150364	0	0	0.67	0.05725032699223254	1.0453205931560448
13005420-TT-R	0	0.08706292525995521	0.06835123639538074	0.017367402935926746	0.4836128514882258	0	0	0	0	0.002939043934674193	0.21890697539655118	0.0019849566466679587	0.005370237583225104	0	0	0	0.008527851630132038	0	0.08078529840783773	0.024773861347953747	0	0.0003	0.33	0.27182579694767256	0.9667804076661213
13005614-TT-R	0	0.09558931035565313	0.01892969675750446	0.009930548456214308	0.328193950813755	0.05725805761945686	0	0.04456559772217832	0.013581752425218908	0.03129760661550697	0.24281435026051357	0.0006	0.0020940758430866534	0	0	0	0	0	0.1152955059785452	0.025978217395954652	0	0.013898677533995433	0.35	0.2560204785423561	0.9703622063654842
13005639-TT-R	0	0.06564200618195565	0.0768416664990115	0.016990699736930043	0.410255800349907	0	0	0.04847673705307548	0	0.01631955644565958	0.16643952418558455	0.020434669754596544	0	0	0.0023402261867913623	0	0	0	0.13789009025154778	0.03401136645765677	0	0.004357656897283721	0.27	0.307415947970736	0.9487677912609684
13005661-TT-R	0	0.048571451259836314	0.060359608478590364	0	0.3596655676761721	0	0	0	0	0.09659656453412258	0.26451229859697173	0	0.04661551203704548	0	0.008503995985423493	0	0.0012307763047597464	0	0.08932813088197955	0.024616094245098762	0	0	0.62	0.07693773443542769	1.0380242841074174
13005819-TT-R	0	0.04992250563399447	0.10637680450059521	0.006680433742735621	0.25788968604150936	0	0	0.11049330154713022	0.03747992674115871	0.026086786260006732	0.12643660633939083	0.06568248043892592	0	0	0	0	0	0	0.17453001751724592	0	0	0.03842145123730708	0.28	0.3068374450232727	0.9481500414104784
13005825-TT-R	0	0.09650243234946414	0.057264044754304876	0.010816423148978967	0.2980855757067109	0	0	0.0704610771179826	0	0.11340503988565995	0.1424349090235137	0.018517375431869064	0	0	0.020392176679769825	0	0	0	0.14709598051833403	0	0	0.025024965383411864	0.44	0.1792924349918513	0.995079822780116
13005875-TT-R	0	0.06101719472507359	0.024408243049147186	0.004231223670450967	0.20312901574921233	0	0	0.09273340807757349	0.1306965321746624	0.045413644657745604	0.15607065514740273	0	0.07153159831237571	0	0.004730169107510062	0.011680753663774926	0	0	0.1788122869416874	0	0	0.01554527472338359	0.75	-0.0068	1.0764116264583525
13005930-TT-R	0	0.06610942690726618	0.08182040336193712	0.019034058914494778	0.4400332982235972	0	0	0.01589604504441509	0	0.01972018891022075	0.2100051903208427	0	0.0004	0	0	0	0.018968670015252008	0	0.09210044895411179	0.014758849184109775	0	0.021159088358512813	0.47	0.17067870903964813	1.0048821337105114
13005989-TT-R	0	0.13536258650835786	0.10673260593117251	0.015439800591899913	0.25990784664453964	0	0	0.0058794454240081746	0.011330594081021887	0	0.2808606388726632	0.011963011313664168	0	0	0	0	0	0	0.11994311236920895	0.04506799051093547	0	0.00749094637031968	0.44	0.17798587411860434	1.0081005975458763
13005996-TT-R	0	0.10510340308819198	0.038451339926988105	0.006582151543772854	0.2223381588041491	0	0	0.022658378330479217	0.11049857716687247	0.14328918432630067	0.11187768466612798	0.025118442815238038	0.0015818765333364512	0	0.009150567528166804	0.00319902021099925	0	0	0.13248222223013284	0.04141373082861113	0	0.026255262000633058	0.22	0.38281866697021905	0.917914096169837
13005999-TT-R	0	0.09235318331907898	0.10519757125448843	0.012249275201977059	0.34382581593637884	0	0	0.04326124169095905	0	0.01445327916402237	0.14168302594366966	0.013084854237207186	0.0003	0	0.05035657843972049	0	0.009855623846915221	0	0.14431532054547708	0	0	0.029081522454572448	0.35	0.2554997807491893	0.9689990781466506
13006005-TT-R	0	0.051241934765611896	0.02532412947527168	0.007855623529212074	0.34521278446195136	0.04305350134001627	0	0.03181621032820552	0.010042053989615562	0.03431384454700655	0.23424507582290166	0.033264583257169814	0	0	0.017630555138751152	0	0	0	0.13501278929703592	0.014574738925320742	0	0.01641217512192973	0.29	0.2877854546735109	0.9565003997082764
13006010-TT-R	0.02407719388500887	0	0.38798452256441135	0.026259198351769507	0.03670559787125461	0	0	0.0500370635480786	0	0.029805786489202263	0.23554085767887709	0	0.04963929040107238	0	0	0	0	0	0.05553814210856789	0.09417221999593514	0	0.010240127105822236	0.41	0.23287300496154043	0.982452772369549
13006016-TT-R	0	0.08143774774933557	0.07577092152834183	0.007718758785313806	0.3009640125295295	0	0	0.12192830642559367	0	0.06765103280313295	0.18221680451697125	0.02472904602029557	0	0	0	0	0.0022473010575714283	0	0.09408420377404013	0.01894529070702852	0	0.022306574102845738	0.29	0.3004674445978128	0.9500539230625757
13006026-TT-R	0	0.07014372013870177	0.08161793582127384	0.006777759691511318	0.4400443910773085	0	0	0.044716402736322734	0	0	0.19934249056630954	0.003482064112612631	0.0017718142506571242	0	0	0	0.002932012426699405	0	0.11570959711206492	0.003797507620325059	0	0.02966430444621314	0.31	0.2818046087107537	0.9604236460802003
13006088-TT-R	0	0.04210150230655398	0.06731800250799264	0.010777502655563766	0.3724727005009078	0	0	0.04925384536303034	0	0.028427543620930553	0.20205817313800234	0.022884634195258782	0	0	0.04840117419971478	0	0.0001	0	0.12045594625570709	0.010340289253234531	0	0.025396952531313396	0.16	0.4200481938394648	0.903216515678275
13006169-TT-R	0	0.04998172285087865	0.06487878770583726	0.007301997269470365	0.4047254298087475	0	0	0	0	0.05440956759445201	0.23103718252417826	0.003007605078999468	0.017252312220688275	0	0	0.0008	0	0	0.11280244506795353	0.04509795496147166	0	0.008708277755153293	0.43	0.1978558165790801	0.9940832386423589
13006206-TT-R	0	0.07387818322625034	0.039817617042428116	0.01790421795869465	0.267942944503676	0	0	0.07214876829683017	0	0.18777049799565654	0.18246505300533958	0	0.02550587301244485	0	0.010120241783760149	0.011402763890168786	0	0	0.09248624984812555	0.0032556329355503105	0	0.015301956501075006	0.58	0.11196743407814752	1.013059130240312
13006246-TT-R	0	0.05447857191953571	0.07363425977587731	0	0.45529731663492296	0	0	0	0	0	0.2593852717841135	0	0.016985793021181063	0	0	0.004006956115579931	0	0	0.09305652625707131	0.03701614947517945	0	0.0061391550165387915	0.42	0.2005482600309694	0.9956808117994534
