Input Sample	B cells naive	B cells memory	Plasma cells	T cells CD8	T cells CD4 naive	T cells CD4 memory resting	T cells CD4 memory activated	T cells follicular helper	T cells regulatory (Tregs)	T cells gamma delta	NK cells resting	NK cells activated	Monocytes	Macrophages M0	Macrophages M1	Macrophages M2	Dendritic cells resting	Dendritic cells activated	Mast cells resting	Mast cells activated	Eosinophils	Neutrophils	P-value	Pearson Correlation	RMSE
10001625-TT-R	0.0405474491514941	0	0.07509271544724942	0.06624478277398418	0	0.12927846116447284	0	0.029382184464209163	0.07073652695476577	0	0.016222331651717083	0	0	0.09525517840863751	0.06068709822545047	0.33690444948122	0.057844886847687085	0	0.00474811497233273	0.006754772289225665	0.010301048167554004	0	0.04	0.16742094227732604	1.0177784886113197
10001691-TT-R	0.08284913450077319	0	0.17074356104856772	0.09010551455446393	0	0.10662244798322901	0	0.029322981614005296	0.03923908346324044	0	0.028247836162602978	0.005769142547682594	0	0.1458895578574831	0.029292906922853384	0.24750022406916697	0	0	0	0.0244176092759314	0	0	0	0.3289465787183814	0.9528224647673448
11000047-TT-R	0	0.04352168519923425	0.03706996878506666	0.16989762241726997	0	0.1269270423236926	0	0.1159199424183355	0.007256082485291793	0	0	0.045537917657592436	0.0011393324998212953	0.07202975964784192	0.05434018331811112	0.2206220411714287	0	0	0	0.09698550351682593	0	0.008752918559487864	0.07	0.12869867789884845	1.0380048602466896
11000095-TT-R	0.057646008439126525	0	0.01531690011276248	0.15962207891836688	0	0.11860169944967293	0.02918241610460009	0.055215122099876744	0.0786285924672575	0	0	0.01691961822303663	0	0.12953186092438865	0.11013784555016196	0.1836109790258779	0.015708775356073994	0	0	0.01985113533819427	0.0020475530708101725	0.007979414919793287	0.07	0.11941401711066318	1.04332546972358
11000142-TT-R	0.06027262146819427	0.055086571204361306	0.01804533199225679	0.16347671086829393	0	0.16039351135533197	0.005300233551894573	0.10003042154834556	0.04410966312452548	0	0	0.09472592246572624	0.0280652729278724	0.06893527208147637	0.06227034916572449	0.09590689485456282	0.023724767283793472	0	0	0.019656456107640278	0	0	0.05	0.164290414199682	1.0313151719150562
11000204-TT-R	0.022355522369518845	0.0349130041942669	0.06757130767934344	0.2316750788929146	0	0.22299290938526914	0	0.032582461016080755	0	0	0	0.023153330769295044	0.0036687359766678735	0	0.052032455611625734	0.14875427123189952	0.06492377683675837	0	0	0.09537714603635981	0	0	0.03	0.2004018026458516	1.0097721273686624
11000226-TT-R	0.020445220496008845	0.02426022154558864	0.11818851948268033	0.14728357280725174	0	0.12367437739249072	0.10049692143186617	0	0.02891773422421929	0	0.058218049065181056	0.03156559222294656	0.033426367911387464	0.13238803289327253	0.02479062959606643	0.011931660793703083	0.01958841989102089	0	0	0.12482468024631622	0	0	0.03	0.23111925323861132	0.9953026792486952
11000288-TT-R	0.042478139396866316	0.034512957254068166	0	0.1423708973352632	0	0.1619195028825268	0.001	0.054218385754039734	0.01624780979066092	0	0	0.013975663157912857	0.03468776141243825	0.0644647906668418	0.022969136943311628	0.34226850700000155	0	0.003115321179134111	0	0.06555110284275237	0.0003	0	0.07	0.11349605641350968	1.042224833188257
11000350-TT-R	0.040659696932834825	0	0.0055100015427664035	0.25791348291224675	0	0	0.1582272374911296	0.0676684352691901	0	0	0.00754649075370089	0.07126743700266286	0.020227717232504366	0.008057703129888658	0.09524054468048647	0.17864353469054875	0.02297102517539386	0	0	0.06606669318664647	0	0	0.06	0.14666143893284464	1.0354554100631614
11000359-TT-R	0.004013826946435947	0	0.06565002087253921	0.05850032902915924	0	0.1386826570596432	0	0.07055272662238705	0.013580736982725794	0	0	0.037266557923786	0	0.14013193131677584	0.20240293909983806	0.15108264486293133	0.0032077118612489595	0	0.011644481627905368	0.07142984793584346	0	0.03185358785878054	0.07	0.10639841165208166	1.0621620567310657
11000365-TT-R	0	0.055845162211068215	0.055390418557575725	0.07532022236865879	0	0.1528494351030068	0	0.00795379901226525	0.03763148750307238	0	0	0.03403061867728832	0.01381162078519653	0.19970238612962854	0.0077575896738272185	0.2298786258813682	0	0	0	0.11585574469540225	0	0.013972889401641755	0.06	0.1492737434165389	1.0305565848253246
11000372-TT-R	0	0.01858406302845261	0.029259496332902153	0.25067690013498317	0	0	0.052293865965452255	0.11236802818512515	0	0.06331243163497538	0	0.053210612100953014	0	0.008489097369560786	0.22601163326349386	0.10202059140177588	0.028540608483124067	0	0	0.01433987320760373	0	0.04089279889159794	0.03	0.19372942401736945	1.0394441207449765
11000374-TT-R	0.017024127176573457	0.03211820336761415	0.05265218641323769	0.14630132926396033	0	0.033118970969442545	0.07705797292213137	0.013088314752537467	0.001634200284854718	0	0	0.05568364398221386	0.038954238022799285	0	0.033323169544730795	0.393312429970471	0.008140754276369708	0	0	0.059609353485259295	0.03798110556780427	0	0.06	0.15768146654859372	1.0197337109278855
11000381-TT-R	0.015500970149872707	0.006897475406944488	0.027648291759139656	0.06478888245623152	0	0.10919116978644	0	0.06125143562851725	0.003656641858901242	0	0	0.014047447809155601	0	0.17431429581077204	0.11260175587596381	0.3299967060387158	0.01700941372987051	0	0	0.040949473452178406	0	0.02214604023729706	0.07	0.1127628126539537	1.0525089591615349
11000385-TT-R	0.034219311112657275	0	0.04088847057007375	0.08779113455195427	0	0.15111585272471145	0.014451520962441254	0.08508677857175576	0.010001679797332198	0	0	0.0022002068052640184	0	0.07692350796229122	0.1312325305921316	0.2572039286866014	0.011278300808540594	0	0	0.05894501975761462	0.005991338225458676	0.032670418871171905	0.07	0.10972265106755882	1.0439843999624847
11000403-TT-R	0.2007708270245066	0	0.231728362193714	0.05083270530937204	0	0.27489769647102424	0	0.014424450998329648	0.01328971180001229	0	0	0.0180966395705095	0.0063898517971719224	0	0.015879850362159574	0.1004057444336821	0.04193348434758401	0.002015853661758204	0.020977005760614058	0.008357816269561742	0	0	0	0.44597385679900653	0.9018200178895371
11000461-TT-R	0	0.007030712197239928	0.06729562272772142	0.06070332463616354	0	0.19817594758555446	0	0.046593788855282516	0.03860528567899237	0	0	0.040102880845228235	0	0.14828068544285494	0.05546481771311148	0.2815249755722593	0.023304536985688712	0.00790540178536911	0.016795409603018247	0.008006650511667488	0	0.0002	0.07	0.12395221854765606	1.0376937700443212
11000498-TT-R	0.04507774655052237	0	0.03696925576398696	0.020325685834946223	0	0.15458850234084692	0	0.03668426962495314	0.013317127435763682	0	0	0.014096064120279276	0	0.16110947505878023	0.07253365668134196	0.30879839191492614	0.03385727418907208	0	0	0.07352007459944798	0.006022153640403963	0.023100322244729087	0.07	0.12727729927484116	1.0390164150115628
11000511-TT-R	0.11068305318638179	0	0.23037682637343504	0.19727143968132652	0	0.034153868548257846	0.04111059623944903	0.0981895512016836	0.003962858960034874	0.003775550257149709	0	0	0	0	0.037876073704630926	0.12023306891717121	0.05301670844407119	0	0	0.06249232154004355	0.004571967155630952	0.0022861157907337623	0	0.4345313446806687	0.903093343253966
11000515-TT-R	0.015482973746618384	0	0.030556763554534492	0.04885920828771136	0	0.09397530717371898	0	0.019328153248836855	0.024931905115391433	0	0	0.024447600519698017	0	0.2116060731175144	0.02328290697227093	0.25313426619939505	0.02960044181419903	0	0	0.17843279144134808	0	0.04636160880876303	0.06	0.15679079248453284	1.0379685279442066
11000552-TT-R	0	0.018176039276797815	0.04268313619010374	0.16298953900321256	0	0.12814950127390987	0.06133256024663508	0.08265916613623463	0.017316249527920338	0	0	0.05774084139392465	0.004529821305637345	0.008205136728984534	0.08595101342388703	0.25467449184800633	0.030998902749284605	0.01599054972785438	0	0.01715694422080908	0.011446106946798007	0	0.06	0.1626774283130163	1.0222878449147754
11000557-TT-R	0.030602697770007955	0	0.03501383077758042	0.15079194971895302	0	0.12404140815276803	0.007164126098710478	0.09661520252779196	0.01682287070180814	0	0	0.09083343022158577	0	0.031228390504665776	0.04272291487506203	0.24009811829592123	0.0708607385201358	0	0.04581233428725817	0	0.016833635790246784	0.0006	0.07	0.12929518271550317	1.0332232901297396
11000562-TT-R	0.10470821484206885	0	0.009243120463029487	0.08099545625635267	0	0.24945806026788625	0.01322825393854953	0.015954947241521168	0	0	0.011701519186156854	0	0	0.07434481140149261	0.06110640850158363	0.17978068024432772	0.022856519747782474	0	0.023868439927613474	0.02478885361659419	0.06054326787349167	0.0674214464915494	0.03	0.19179182418962476	1.0029046453641701
11000573-TT-R	0	0.029049744976527247	0.09414155762441558	0.03357244311287356	0	0.1943876145054083	0	0.014111883053385472	0.004316995956391099	0	0.02548866990531964	0	0	0.18913413036208468	0.03359633399649646	0.24083887885981425	0.010544093996043061	0.01586436990357896	0.054888710333074096	0.04089960440679277	0	0.019164969007794807	0.03	0.195608390714936	1.0055221477485317
11000593-TT-R	0.019485238655568934	0.0005	0.012668787379300687	0.08162811168690896	0	0.1938563448590753	0.0142716342951503	0	0	0	0.020991253489202916	0	0.005786032415744349	0	0.08786109269810466	0.2461486401139085	0.028843813650863873	0.005024608064801513	0	0.19615920914580198	0.03990722828032722	0.04684631395477294	0.12	0.07221674059499336	1.0616203213386275
11000674-TT-R	0.00170406245033823	0.010796004878236076	0.04638376947430025	0.07645226480945562	0	0.17946390901657633	0.030527789915663548	0.025266539152079867	0	0	0.015312922653912419	0	0	0.12311496432273188	0.0553984235868639	0.14607163698391137	0	0	0	0.2007626892981942	0	0.08874502345773633	0.1	0.07645269090991898	1.0623606086489676
11000679-TT-R	0.023686795724167813	0	0.03802570465971329	0.07656785848104596	0	0.2736513827053961	0.01999884447562743	0.05185045285223996	0.0003	0	0.02222479932199937	0.031815296161526486	0.006895705816000745	0.07295038792069442	0.09701680705522511	0.1474591508226252	0.030125338777350286	0	0	0.10051264359534283	0	0.006886087386685271	0.1	0.08425218938169209	1.0553121779637047
11000681-TT-R	0	0.026449872488950282	0.11426319640506268	0.09710758811213886	0	0.07200135639470756	0	0.04049173859186732	0.008846560080307656	0	0.018919478354310956	0.05028017661413293	0.0062838168642479885	0.1706819277707143	0.18529459462389064	0.1534749620448112	0	0	0	0.04102793458458354	0	0.014876797070274039	0.03	0.22797705975509752	1.0058245998689916
11000684-TT-R	0.03320327017257566	0	0.031038031439465038	0.052902194551315895	0	0.08582699629370544	0	0.026057847229400775	0.02326374580381216	0	0	0.029245589037531678	0	0.3154498286421045	0.09196252285677578	0.19574845016481998	0	0	0	0.026304584544164705	0	0.08899693926432835	0.06	0.1418378090374725	1.0493706427981224
11000689-TT-R	0.03325418440261791	0.04132348701387726	0.034138490578779095	0.04318701998259815	0	0.07811228254559267	0	0.06703056154923936	0	0	0.00632904307853087	0.004099365817794635	0	0.17916912931976847	0.11169298248129143	0.2511031891317398	0.007035102764814516	0	0	0.13220667538431574	0	0.011318485949040103	0.02	0.2715652503746419	0.9792600020564461
11000814-TT-R	0.007329606727592383	0.003994286127638467	0	0.007875085348753978	0.019325490189476158	0.028347578738582017	0.03826949929547464	0	0.009959140660017067	0	0.06312407530612978	0	0	0.33433735425104594	0.013584182808473198	0.1271245315744876	0	0	0	0.29047702034576567	0	0.05625214862656316	0	0.3663128940120819	0.9543286800361189
11000842-TT-R	0.025627529773507164	0	0.041056329612054764	0.144190184860086	0	0.12935211221395912	0.02322020253613107	0.08628717353863184	0.0255986555036712	0	0.01160038020429022	0	0	0.0870463535004925	0.12954608776561582	0.24271476435596384	0.0054201998065200605	0	0	0.03971926977607771	0	0.008620756552998671	0.08	0.09723469557249445	1.0521174009994285
11000843-TT-R	0.0617476665910939	0	0.05616686812047231	0.03593646826383805	0	0.23179098083305413	0.0017840082880774587	0.036777032903984104	0	0	0.01470156067249367	0.007149274233182456	0	0.09490963944093929	0.09513568998716697	0.2228335176463383	0.0065256066604132005	0	0.00519491499934806	0.04416315091933821	0.0008	0.08437416534549	0.06	0.1619025042712363	1.018586885842019
11000846-TT-R	0.02356118063449835	0	0.09092779168680819	0.12201630543577843	0	0.08056878066126788	0.005433721301277696	0.04650975207942005	0.012732326911189638	0	0.01826193729506538	0.0018995764809744394	0.004839443519150307	0.20254477256008882	0.10098818423156712	0.20344827942861282	0.016710542407144917	0	0	0.06955740536715593	0	0	0.03	0.1981382814876322	1.009192669095399
11001063-TT-R	0	0.0023989624921892747	0.1529246202523808	0.151213708103166	0	0.0656935271929975	0.13301524058146963	0.0900386679609213	0	0	0	0.07293728158007746	0.00245057736048428	0	0.052378860537465655	0.16128887852632248	0	0.04597997998530194	0	0.02177100068455853	0.03884784792379391	0.009060846818871208	0.03	0.22909973524655058	0.9949857328193032
11001807-TT-R	0	0.023233531017342088	0.00900340370791336	0.1649201111008995	0	0.05132568848961235	0.04836938296932262	0.08007783618250842	0.04134836810397297	0.003545598942082152	0	0.1009030734279822	0	0.06902053474087506	0.08952405341029673	0.2552847281822117	0.008384726042144118	0.009337385944080843	0	0.02621065437339027	0	0.019510923365365623	0.18	0.05396152918010717	1.0746333957893501
11001820-TT-R	0.02888415742726648	0	0.0018865456340487574	0	0	0.24786263500278505	0	0.04536641365382519	0.014649074884832705	0.007000845794162578	0	0.06484574123538113	0	0.3109201225466974	0.04994232317076942	0.15606538531996303	0	0	0	0.07257675533026828	0	0	0.06	0.15887711724168008	1.0380441312960325
11001866-TT-R	0.032066583574927914	0	0.05121508922346531	0.15390881487285488	0	0.3218524195431678	0.019479837797656968	0.03303483833680375	0.026194494054587174	0	0.007062484052099348	0.012588757846362441	0.012497517662796618	0.08500655085999623	0.09061614036148405	0.11194813101966093	0	0.005141694840641831	0	0.0373866459534948	0	0	0.07	0.11341049021260222	1.0543070383013662
11001903-TT-R	0	0.060476707411984465	0.017243995627224094	0.0914439678313253	0	0.15618465252840502	0	0.06545450367430333	0.05535322412244897	0	0	0.05758452567011458	0.0011642142765920115	0.11516432383662305	0.1327203942316209	0.2301512789912739	0	0	0.004651791728939269	0	0	0.012406420069145118	0.06	0.142777357199464	1.0362725735751932
11001997-TT-R	0.0030326107077373737	0.016641723697968486	0.046823946046235826	0.137632607581553	0	0.15182111401521392	0	0.06232237164939546	0.09722067626528542	0	0	0.05903633670677355	0	0.06777435084948728	0.07874221601772985	0.1772219091872924	0.02150820060367935	0	0.04431889826315568	0	0.018954249480999354	0.01694878892749306	0.08	0.09582201012352931	1.0498449325749721
11002033-TT-R	0.022048400148143323	0	0.034307498363638576	0.07551681837360344	0	0.24554206878036733	0.07381218286512735	0.04244710131966801	0.03396501401406988	0	0.005752125276116389	0.015924423769870338	0	0.059267468592058864	0.07080089673001937	0.16349410193403	0.018720147860772605	0	0	0.09631318930961025	0.01812373015788683	0.023964832505017433	0.07	0.10070653664111241	1.043476626882397
11002106-TT-R	0.019437149759507777	0	0.016799733387207513	0.03537701739380058	0	0.18941164072317912	0	0.013271433199534256	0.0016154539680021496	0	0.002700910996427892	0.0192929962194503	0	0.14018470893777352	0.10843427760025715	0.13852197788678214	0	0	0	0.24518117098485323	0	0.06977152894322439	0.07	0.11642149742839215	1.0609663637629636
11002212-TT-R	0.02413334863836496	0	0.02393412296033858	0.010458582106180845	0	0.19885234547921335	0.010222068565173362	0.0322836562115636	0.011071960097587598	0	0.035177129356000245	0.006966957939799785	0	0.24301302096159466	0.054268112867604565	0.2067149827803762	0	0	0	0.12133300107638025	0	0.021570710959822	0.15	0.06273158582829294	1.0718739982102687
11003687-TT-R	0	0.003562653911029861	0.054201138288722674	0.09590178699006159	0	0.08581859243030046	0.06245895744351618	0.04047734685406425	0.0002	0	0.050499984052879546	0.0029398491875887735	0	0.10929273638932775	0.0915536865130507	0.18439695672727052	0	0	0	0.17453874818510948	0	0.04415283659953911	0.07	0.1305432977675248	1.0371028556565718
11003704-TT-R	0.006729136848868457	0	0.04904803769497354	0.13061422533583425	0	0.08247810715952592	0	0.027954129036061683	0.08738913089043064	0	0	0	0.007364314775236263	0.010508740026916904	0.12174040980399262	0.31255360603046695	0.0819102739971809	0	0	0.08170988840051187	0	0	0.07	0.10896821994179773	1.0436113253513615
11004126-TT-R	0.039680470429408	0	0.030249586561906433	0.11464327648571726	0	0.17584280429732935	0.006321174996849238	0.017607346254889963	0.052211237567650934	0	0.02721823650324534	0.0030396120425216877	0.0004	0.1387823586982134	0.05185916065145754	0.28875866042259857	0.014326842062021361	0	0.002626492484622564	0.024917897594312507	0.007168285783025349	0.004375097257554578	0.07	0.10656193724918889	1.0450844155090926
11004229-TT-R	0.05671631938667868	0	0.0243536365686961	0.15967290016442975	0	0.07969286320859342	0.0004	0.1018474458972749	0.027999405310598767	0	0	0.04294300865552196	0	0.093674249254541	0.17639285201071084	0.19234027575776538	0.0012020209584095369	0	0.0209493400595958	0.0081839212008206	0.0013702759830767038	0.012304012191567822	0.07	0.11588256588196626	1.0532883687217642
11004355-TT-R	0.05186739903923652	0	0.0435776169835768	0.041755505333231815	0.007913285720468117	0.07432586382331281	0.03333359080887451	0	0	0	0.009811761019696203	0.008849761147829845	0	0.04419614792897801	0.008797718049539074	0.19442795225042556	0.011149625444492923	0.014132876792297777	0	0.28853169735775325	0	0.16732919830028678	0.04	0.17636015346003647	1.0369662642238129
11004491-TT-R	0.013889690425676301	0.004482416259517553	0.019915840214483744	0.09659325347622263	0	0.07087000283797797	0.01972933718863845	0.03293686486255351	0.03535391929807049	0	0	0.015340090828914275	0	0.2499585468025308	0.061205921956471725	0.35763305602468803	0	0	0.006748834569393403	0.006489095032702624	0	0.008853130222158504	0.07	0.1061939477529	1.0630883975547711
12000021-TT-R	0.022304416491758006	0.0011884640839245626	0.03704926451882947	0.10686536584450079	0	0.22779949944375172	0	0.050748753770818146	0.04941479056690605	0	0	0.0847779200739934	0	0.14988375670332005	0.05875332167494104	0.16981257330121186	0.0010104818410359424	0	0.009438611745456824	0.0034608797115867488	0	0.027491900227965396	0.1	0.07610386846687825	1.0650731076849447
12000107-TT-R	0.02964770961766537	0.03474033189895572	0.010777732265186215	0.06958155650854848	0	0.19654643394413687	0.0006	0.01884942161868509	0	0	0.030236376580241905	0	0	0.17125860450509364	0.012432304013392818	0.20591151154357823	0	0.009862041871219286	0	0.04713474658556904	0.030206918318663206	0.13224748842850761	0.08	0.09841464575856214	1.0509978838536729
12000111-TT-R	0	0	0.030147067061272213	0.15143756020581917	0	0.17841640366104247	0.040273426277034556	0.06147410432250751	0.021598892463771106	0	0	0.015078071918259026	0	0.08808568007423914	0.05707647794788513	0.2750500784145988	0.005729704826097398	0	0	0.06691372503290127	0	0.00871880779457224	0.15	0.06690238630571536	1.0624857880826506
12000477-TT-R	0	0.0076322783593754445	0.011921113318726546	0.009103744003118251	0	0.1108726905283929	0	0.00753892574568267	0	0	0	0.04726237362864924	0.025163223718720235	0.1757132051265024	0.01880959664178375	0.12172796816310553	0	0	0	0.34996241103068726	0.053989124574081254	0.060303345161174526	0.03	0.219769920764646	1.0353716568371292
12000755-TT-R	0.02889245507848299	0	0.038078397387909475	0.15250812761997243	0	0.18803233339721728	0.033450503088359784	0.06265336394475152	0.010179333346076779	0	0.007562660706768148	0.04376982601445526	0.01649389788349089	0.022805906972031224	0.13302583352065783	0.1916009666755649	0.02169574212784565	0	0	0.04390402182956295	0.005346630406852874	0	0.08	0.09671383863624797	1.0553866272320527
12001290-TT-R	0.026151749532501913	0.02961215439350225	0.014285542945726353	0.03039353149462494	0	0.18461132062742652	0	0.01897947164731024	0.014725230004322427	0	0.0215792835513709	0	0	0.18734072127801638	0.037196161560753845	0.20122576156848657	0.011352362275872925	0	0	0.12528503698574617	0.052345801095642894	0.04491587103869564	0.07	0.13044173913315632	1.0355862462908065
12001311-TT-R	0.010150522551631567	0.013733552319506489	0.036453931428407284	0.044371365490951345	0	0.21916861907201793	0.009352057136185362	0.03736902301387231	0.004086687592273789	0	0.02924620022242044	0	0	0.1283053608709911	0.10758721356835199	0.17555640928132113	0	0.0013364262244817742	0	0.11888331841467151	0.02282691118013963	0.041572401632776326	0.07	0.10019169868291208	1.047042343114937
12001512-TT-R	0	0.0035307733570526787	0.05306264309734369	0.04641463260051152	0	0.1801928238018543	0	0.027202179332950164	0.04138133508401301	0	0.023404853867598926	0.007245256738858486	0	0.3729906410600415	0.06574776632792081	0.1368107807169058	0.026723279193535957	0	0	0.01352246299883989	0	0.0017705718225732663	0.07	0.12345908089024045	1.0577519547391734
12002385-TT-R	0.0002	0.056459629137225104	0.016705975484683052	0.07010549473307931	0	0.2033482519515061	0.0004	0.08178689011833888	0.06968158929350488	0	0	0.0038797878799175394	0	0.2000016706667919	0.046103827212937584	0.19962052794682142	0.006627248638619173	0	0	0.0450637802298963	0	0	0.08	0.09122057547957674	1.05673437615259
12002841-TT-R	0.09811863478552414	0	0.03606034568224458	0.07298648265065602	0	0.2001173858851971	0.006409762875885572	0.053872558007663225	0.07937536072634745	0	0	0.02481727897254751	0	0.04165896783291725	0.040290503486341736	0.11374344977396848	0.04029239096354174	0	0.04693133660034471	0	0	0.1453255417568205	0.04	0.16910613389310764	1.0173622167734695
12003310-TT-R	0.021826813325676268	0.011409200617851084	0.037697630437434466	0.05004128235221336	0	0.17844854254492723	0	0.010443856537575383	0.0008	0	0.010052627637022233	0.014306519925745506	0.02932976501008262	0.17561449806609578	0.060127132880372115	0.29032461150055683	0.002373266082330092	0	0.020712765274873562	0.015167949916390405	0.029259481428005007	0.04207207580514188	0.07	0.10099370767801974	1.0474767212672007
13002183-TT-R	0	0.03278608895201089	0.15827254634785162	0.04034044543293703	0	0.20423077644740267	0	0.022422380282395585	0.03534933701130072	0	0	0.004891797769922983	0	0.13713764595063002	0.08891541005647641	0.16203445837376312	0.014225953204888758	0	0	0.04181050115303346	0	0.05758265901738672	0.02	0.2681267791395919	0.9777512915436825
13002327-TT-R	0	0.0025552915528792557	0.04324404308977231	0.026572844718696892	0	0.14404943412036958	0	0.02320075981695026	0	0	0.00710684889751481	0.020226131423026227	0	0.04033482443846829	0.04383001797122664	0.10138884197946582	0	0.012999340918196262	0	0.4677841773930804	0	0.06670744368035326	0.2	0.040080447726245354	1.1568218154901477
13002461-TT-R	0	0.005110564252171731	0.06466701888250802	0.20264850359050898	0	0.2798542399464313	0	0.056085478273254906	0.05890499686484042	0.013168144199729106	0	0	0	0	0.007126013016721198	0.20134095117875936	0.01369346184279816	0.009086112679800801	0	0.08831451527247602	0	0	0.07	0.12300897248451173	1.0545836201003878
13002506-TT-R	0.00233748418852668	0.018762319314165124	0	0	0	0.2219354830181936	0	0.02323255370809542	0.017838774891533307	0	0	0.024826168340784313	0.011172170751681545	0.03878414600124588	0	0.41035471238900323	0	0.07586532640967093	0	0.1320594599817917	0.00108616003530857	0.021745240969999694	0.1	0.07934394083574084	1.061995132251382
13003423-TT-R	0	0.018938787541751715	0.04386825179710967	0.024389278559128116	0	0.14078697333393583	0.017915418982986847	0	0.03188055928913086	0	0	0.02831247514217212	0	0.19240392777169166	0.07878929309443934	0.36526527454410396	0	0	0	0.027589724856107976	0	0.02986003508744188	0.07	0.10953426990697153	1.055354998092081
13003457-TT-R	0.05747919997611421	0	0.017293643435377492	0.08869667130772212	0	0.12365463478986026	0.008435864020880916	0.03083175851767432	0.04006298975504986	0	0.033852632340394186	0	0	0.15605244072231717	0.09008892671054021	0.27224521730984463	0.010102067015879686	0	0	0.06823853452553381	0.002965419572811145	0	0.08	0.09490156201006349	1.0507683455947407
13003473-TT-R	0	0.01678453812971515	0.04375972414309201	0.1762823030138443	0	0.12614669681377066	0.10003502106939786	0.02620057802865771	0.0004	0	0.004694344562773403	0	0.012994092936607988	0.10031497530794335	0.021264454902935413	0.1925138031561532	0.06315242254731511	0	0	0.05325764730170465	0.062155543158089264	0	0.07	0.1037429600467269	1.0357129950451534
13003494-TT-R	0.003551702907463267	0.007710782623292743	0.04125586502804932	0.14169984396651	0	0.22897743091040676	0.0025285414106264656	0.08252559208757607	0.030746719221658756	0	0	0.031342213953581506	0.00992822416149385	0.0869199607100437	0.06076241088077132	0.15593090938974202	0.08486947844578428	0	0.008802058683870384	0	0.022448265619129503	0	0.08	0.09569891586444404	1.0510964582539912
13003536-TT-R	0.0346162984206415	0	0.17449031955880892	0.09541848611067688	0	0.24161140919342708	0	0.027556012385209806	0.060372853782189685	0	0.00583865363613011	0.007605114581440031	0.010711903380764191	0.009366356296333745	0.042039592430426265	0.16493727689492607	0.06182758082925316	0	0	0.03434743831091574	0.0199793817162354	0.009281322472621407	0.01	0.29354694562612016	0.9674706835573282
13003561-TT-R	0.11259342732227318	0	0.0999543668497129	0.04937085300646558	0	0.24365393905583202	0	0.04582681662618646	0.08429606101388129	0	0	0.009723482844532956	0	0.09123206035520703	0.03724504518240984	0.16699934747906753	0	0.015786444721644987	0	0.029363921113163577	0	0.01395423442962267	0.02	0.26892786985539874	0.9777915117471399
13003601-TT-R	0.014753296338704857	0.0009	0.04391736923208205	0.048854594447475634	0	0.2015154305507867	0	0.009988215772375984	0.06370287216698639	0	0	0.014423534001196881	0	0.2608941778283356	0.043195327920922115	0.12607185800831153	0.035945529382437565	0	0.10121275157433596	0.022326710221492733	0	0.012270901556160934	0.09	0.08979131062522769	1.051138630570925
13003621-TT-R	0.07045711924659212	0	0.10593338284423456	0.0863313589745719	0	0.12799972623615824	0.03492083567154753	0.0022664883786894284	0.04301280616344889	0	0.06447507625631925	0	0	0.0650812692389195	0.03522838698539956	0.22564216068898518	0.04908106095178936	0	0.032504695363536555	0.04339795393339496	0	0.013667679066412934	0.03	0.2643341933245616	0.972852661418164
13003660-TT-R	0.015782594177486446	0	0	0.14510638543564758	0	0.10654990765489498	0	0.053940080628095646	0.07752611216864659	0	0	0.017473346572282035	0.01529733793909307	0.034123473526448435	0.07060782284861418	0.3505228035027742	0.03437574064995524	0	0	0.031685062566427724	0.04700933232963372	0	0.07	0.1051870918285747	1.0463362176743272
13003724-TT-R	0.08461708743733111	0	0.036916583412855614	0.14646900500982193	0	0.2824397286379431	0.022722554501544066	0.04591123020570281	0.04362452404423347	0	0	0.010267926366375923	0.01818639051463763	0.009609021278466275	0.054862373917727074	0.13324028810604557	0.0005	0	0	0.10158964197655473	0	0.009044240489885847	0.06	0.14411923662675696	1.0371639416633933
13003758-TT-R	0.003455594182874293	0.01387036379250631	0.0734911410293837	0.17924135520914014	0	0	0.07020112860211304	0.02950452077312591	0.031441391312173765	0	0	0.009424018728737457	0.015456812118061894	0.2977353493657898	0.036898209676022115	0.15415979462454485	0.010094758376541644	0	0	0.07502556220898506	0	0	0.06	0.15153054309531672	1.0329884890390937
13003772-TT-R	0	0.04694995522785827	0.0003	0.05274861924649801	0	0.09132388454786042	0	0.031789324517798874	0.025292540031374267	0	0	0.017786677159446557	0	0.16300276456468923	0.03456682482259647	0.2957287343707192	0	0.05458149639674933	0.059245773965478955	0.054655545146941056	0	0.07205407000383472	0.03	0.2317036984725134	0.9931934195057278
13003773-TT-R	0	0.037199115416194445	0.026421136601670652	0.12881015509315558	0	0.09924969370440663	0.001	0.04933663020865346	0.016280639258842294	0	0	0	0.03684356633695205	0	0.044872600366776094	0.36850983021371975	0.033738722756024055	0.0127096168469924	0	0.09843086710702616	0.04660994539153398	0	0.07	0.10096090770799329	1.0414782832139038
13003923-TT-R	0.0002	0.005418843814627962	0.06737563796418518	0.13141822513540108	0	0.26299415579461205	0.016579718023447692	0.03416648865467415	0.02247197853393252	0	0.05857301342527354	0	0.0001	0.05673691687057868	0.02515163857288158	0.09433287081297843	0	0.02516499954753056	0	0.1484669131920319	0.026143114325134616	0.024673643654367482	0.07	0.10914193921941702	1.0488483009528562
13003954-TT-R	0.013790278866691921	0.037114345555028176	0.040104630155301565	0.14801293711283095	0	0.21858027288457202	0	0.029225888700190515	0.021658234488784907	0	0.03411938757159547	0	0.031213534311865684	0.03350286853177048	0.045474458519940884	0.2302598154788006	0.06243810328583011	0	0.05383329919205597	0	0.0007	0	0.06	0.14188984838124521	1.02404551315877
13004000-TT-R	0.02907734042081087	0.0015127436854560736	0	0.05235175783719706	0	0.050427749230351704	0.08181773490633587	0.0016187941722346018	0.048708146889302646	0	0.08456624455425132	0	0	0.3842767792275006	0.026734429557127744	0.14511830402425333	0	0	0	0.09378997549517822	0	0	0.07	0.09953071741231106	1.0728479479564712
13004134-TT-R	0	0.023716842662734113	0.02995646960904355	0.09114143923392938	0	0.14082589647974209	0.0016502866116044881	0.03716113750940463	0.016050964265031265	0	0.01896014350506729	0.03581316522493389	0.009022667669331573	0.19108559389929983	0.1451212428851078	0.10767735095772792	0	0.0007	0	0.1309792339364421	0	0.020147871325337817	0.1	0.07936785177089893	1.069401988964999
13004198-TT-R	0.09574210128002886	0	0.04190495348182012	0.0850400747773483	0	0.04910644784511247	0.10517214349989623	0.0030864288727204432	0.024384335140304397	0	0.038977785084105356	0	0	0.2149531298165362	0.0633847260964473	0.22341286435690852	0.004710135033098495	0	0.0240164692452209	0.026108405470452383	0	0	0.04	0.1757785347613413	1.013300081397298
13004272-TT-R	0.03781164629960643	0	0.022141635917791194	0.06405862605474004	0	0.12930964598598424	0	0.030841290105761584	0.03526369888561862	0	0.020609443242987923	0	0	0.18860265196147147	0.06208444065843772	0.33420603971927676	0.00810016768015331	0	0.02719066106992241	0.03132131026071472	0	0.00845874215753359	0.08	0.09336937109359866	1.0556859728824393
13004283-TT-R	0.005320665101629403	0.05838398991415559	0.03422191090455341	0.11773127421986712	0	0.12065438079856815	0.004574143202106299	0.02313805543285384	0.04075721453005974	0	0	0	0.021362350296734885	0.002573636083895099	0.04545163271947119	0.3139301021755928	0	0	0	0.09252796401519416	0.11738720884796597	0.0019854717573523474	0.06	0.15142790317981167	1.0191452401651275
13004346-TT-R	0.09141434475221129	0	0.044700903781647414	0.09112626874676803	0	0.14201425166357795	0	0.03003746802742033	0.06063207881678942	0	0.0014191019003334756	0.01902821613297253	0.0072354478129455025	0.025626607505375813	0.10199035002545526	0.215341884778065	0.04543520909955983	0	0.11344265031127311	0.0038404855670731985	0.0012251498551052974	0.0054895812234265476	0.03	0.19141319262958423	1.0018769030134158
13004366-TT-R	0	0.0018924556155134119	0.07164033132422631	0.08910260278016853	0	0.24163325393764407	0	0.03015708215055676	0.04780959454001813	0	0.037796263290813495	0.02665672112437237	0	0.1745820669046859	0.0778362841556885	0.11573818754909956	0.010555458632550176	0	0	0.021105312997416567	0.016187467007824186	0.03730691798942203	0.07	0.1139734759231465	1.044515652546481
13004461-TT-R	0.019076013296949534	0	0.041189051865767184	0.061317087226318366	0	0.11150012355885663	0	0	0.012961294035580422	0	0.006155539519601388	0.007692600647689119	0	0.19389782632288355	0.020359791510875958	0.42570202488204256	0.03426224296838495	0	0	0.049988569425181116	0	0.01589783473986924	0.06	0.15222006300533364	1.0426562242028512
13004578-TT-R	0.031055442730530992	0	0.039198021337858824	0.045389977606229724	0	0.14623458304722503	0	0.02127626709763596	0.057103665686252775	0	0.02150639628449233	0.0031037344656219654	0	0.3157830874585647	0.09536237698841933	0.11315201228654236	0	0	0	0.10786220608463024	0	0.0029722289259958043	0.03	0.2073311920138418	1.0134168013908873
13004717-TT-R	0.036614893301842914	0.0042430038294877905	0.033300661839610765	0.1611493513828431	0	0.09922268907527973	0.09221684502534312	0.0828501389668817	0.030171691701532055	0	0	0.03343920045183289	0	0.036609313035669284	0.10892945912969185	0.2118568412925976	0.006503523787899991	0	0	0.033721407227033366	0.0006	0.028521469340737102	0.07	0.11541237981034924	1.041123779345356
13004746-TT-R	0.03703678587060153	0	0.029025083064082517	0.03403243677775122	0	0.11143644365498216	0	0.007433899608340478	0.033440537096300946	0	0.003778537295070778	0.007358028114335218	0	0.2850949114370558	0.06363867339009235	0.2824314325569695	0	0	0	0.08368137666230323	0	0.02161185447211429	0.1	0.07711157668092926	1.07778657774115
13004868-TT-R	0.036953202203553054	0	0.0406396719934793	0.10407318882583784	0	0.19362958073767197	0	0.031753247647779655	0.11369957470039715	0	0.02521452073590191	0	0.0042627291950071535	0.05284524273718057	0.1007675982703563	0.1730257831513268	0.047040075304038045	0	0	0.06721309656406288	0	0.008882487933407342	0.07	0.1019298707610008	1.0467129433240892
13005070-TT-R	0.0053023821844162215	0.0291978085863791	0.02031963234574834	0.0649983101825528	0	0.061884943512516236	0.018080474957765415	0.013962524224914476	0.0324984603676302	0	0.036930184884956564	0	0.01758661448712609	0.08538764419936927	0.0015505959143060387	0.465667412154471	0.010255931927466528	0	0	0.12503331521404554	0	0.01134376485633615	0.1	0.07583754417773579	1.0703962154450632
13005327-TT-R	0	0.036129553017545266	0.026947485994395427	0.10641990675184994	0	0.1707386656439417	0	0.09305690175482143	0.04836664890468595	0	0	0.008578782284324075	0	0.09936834254166708	0.046082734451174646	0.22506534671084857	0.03091966195646839	0	0	0.0902570167306956	0.01806895325758195	0	0.06	0.14455302439295933	1.027607819992715
13005375-TT-R	0.017638036831596718	0	0.033418308671113735	0.041244142387506524	0	0.08440018191649923	0	0.008135358568323741	0.023742721515175598	0	0.016317404144344478	0	0	0.4605542521236942	0.014820452587752173	0.231992030880287	0	0	0	0.015588235801723051	0.022223262853071805	0.02992561171891173	0.07	0.1151102854433701	1.0907485492770745
13005389-TT-R	0.0004	0.024520464890046882	0.035549941433571944	0.065350247147397	0	0.1540711406437903	0	0.021656369471196042	0.04689820084628913	0	0.026154520846630995	0	0	0.2073072749019848	0.06169206996798071	0.17296920450140185	0	0	0	0.15822627336205206	0	0.02517274227234935	0.1	0.08174183024779427	1.0614135143215246
13005420-TT-R	0.021926049019984125	0.0017377121190311625	0.0007	0.03803504700644378	0	0.10340839591960681	0.01730677998840435	0.03441668788760044	0	0	0.06907404243141131	0	0.0172613711442758	0.21195140786008018	0.01925596714763048	0.09050697894202771	0.005059380606373711	0	0	0.24827881054772588	0.006131556332001515	0.11490040870254001	0.07	0.0994979773965225	1.0727754131726888
13005614-TT-R	0.06361328575937987	0	0.012095558741047532	0.07060628728708004	0	0.11220054057512859	0	0.04147696247420316	0.009385732621473986	0	0	0.028940202827950262	0	0.10146629014340493	0.1318537647887075	0.2549462594797343	0.007313798348536692	0	0	0.06087362260422466	0	0.10519457444276602	0.08	0.09813561645462834	1.0538735425032006
13005639-TT-R	0.053496818024297274	0	0.020235097905817918	0.2086160802437068	0	0.15262872729961763	0.011617837387192794	0.07506103197653817	0.03922784029404676	0	0.010948107426955105	0.009957637608513672	0.027034037914193947	0.05656546942403771	0.07325140171327038	0.16919004165015433	0.01468256188262767	0	0	0.07748730924902987	0	0	0.07	0.1126646389968118	1.0457438340250682
13005661-TT-R	0.044887571934255174	0	0.040357128364414026	0.0966145452711388	0	0.2568561153834415	0	0.05668093431892497	0.019192979298756997	0	0	0.011132552036143098	0	0.0958736452885226	0.04021522108587041	0.25461562432308565	0.03520901065343182	0	0	0.007819502812736048	0.009677621425396268	0.03086754780388263	0.07	0.13777109403681137	1.0316100089727223
13005819-TT-R	0.038841520989109826	0	0.011493772822585535	0.19039699160920537	0	0.06241962728929211	0.007026966393314648	0.08964223159942154	0.029874063635265485	0	0	0.05696893316356358	0.0050052301660340505	0.07069345822619388	0.12319634821075988	0.2821578577403238	0.014798059738478265	0	0.003207686140332373	0.01427725227611965	0	0	0.1	0.08349036543387782	1.062600201186252
13005825-TT-R	0.0319933622500957	0	0.029615363680760228	0.08575541951876452	0	0.1052649659472314	0.002162691082499854	0.04645021773223748	0.04605320914633026	0	0.06337071306062776	0	0	0.26253077086872134	0.08129990999469368	0.13413007825186218	0	0	0	0.10144595814669705	0	0.009927340319478556	0.1	0.07740496083459128	1.0646980480740396
13005875-TT-R	0.009423377299445104	0.013779328809875133	0.04848590546910302	0.06468376205028985	0	0.19093248760665432	0.038155917585713454	0.020296363086253606	0.022697607581813394	0	0.05027569428907128	0	0	0.25769636023845444	0.05331019149358264	0.13482943217741147	0.006700210866528858	0	0	0.08873336144580349	0	0	0.07	0.11895844062807832	1.0432453200966658
13005930-TT-R	0.005593164118548062	0.0025210336063943134	0.05553036936551317	0.023218446804921113	0	0.20477625801870855	0	0.013589697184496815	0.0606493954611898	0	0.005792902251258253	0.0025350265729420954	0	0.29126356157614924	0.05194863310697063	0.13758512855891208	0.011596082552996692	0	0	0.12748196963513628	0	0.005918331185862905	0.07	0.1086103167784411	1.0558487732632513
13005989-TT-R	0.030887058695547073	0	0.015283774801766145	0.028572455321313823	0	0.17121767910187638	0	0.014330436199407885	0	0	0.017335913304783724	0.0011159347445453005	0	0.06778245714452755	0.11079009394486598	0.13666752998951376	0.016689334425416338	0	0	0.22084111001103687	0	0.1684862223153991	0.08	0.09146669568205539	1.0698322502215047
13005996-TT-R	0.06349385579171143	0	0.03441408678874889	0.19330036972190906	0	0.10200984850406904	0.03711433093318171	0.05583542249663316	0.009187091427757739	0	0.03058250583081368	0.06042201864625189	0.0007	0.062459788097972875	0.10502313619206233	0.16945024209879397	0	0.006012902637007242	0	0.034369153372636754	0	0.03564802763327626	0.06	0.14375713269759974	1.0341976605139163
13005999-TT-R	0.023212906681541225	0.014777654351320856	0.057663526094637554	0.10736656918630733	0	0.28573083943381816	0.029562390072116685	0.046352019871083686	0.09534584211294357	0	0.035458952412207916	0	0	0.08955523725641278	0.03800186979578384	0.1062516631326298	0	0	0	0.06835019446284354	0	0.002370335136353072	0.07	0.12255194580339197	1.0481288865934155
13006005-TT-R	0.018317940213353184	0.005333595199322897	0.020923386508483004	0.09564901991633204	0	0.06275775771113727	0.004921881925134183	0.034584954487127964	0.015262923880836072	0	0	0.038420732534529364	0	0.2527403191050859	0.08540095926820167	0.2261853705832197	0	0	0	0.12169092253840444	0	0.017810236128832424	0.17	0.05587476869488735	1.0830234615366576
13006010-TT-R	0.02700505798909475	0.0078302656142201	0.011931729073099251	0.016483936527020255	0	0.1270089767579285	0	0	0.03706381507113699	0	0.007768321688721924	0	0	0.1364007019873116	0.01806743236006134	0.2954700622859913	0.11529838233483795	0.037103371348920076	0	0.06606310273130252	0.01722109573331815	0.07928374849703518	0.06	0.15147463137583314	1.029028873870233
13006016-TT-R	0.047319998969557193	0	0.011271738374663358	0.03203298708220501	0	0.06460235072420532	0	0.03246281417521476	0.047813755846219046	0	0.029218752743694044	0	0	0.30970088829212045	0.02781802349189103	0.17143024993839837	0	0	0	0.19373032258371004	0	0.03259811777812138	0.09	0.08939440778639028	1.0784975473342957
13006026-TT-R	0.008898244431685874	0.006791701258394509	0.01724717241072588	0.09187343484174207	0	0.18054685075498064	0	0.026569929181293476	0.0195193690999849	0	0.005487680523841466	0.0355621208522088	0.0156413731775351	0.07437102893530494	0.09261102017874188	0.3020005130452566	0.009969417345722802	0	0	0.08407720772139493	0.0007	0.028159875625694053	0.19	0.0484351452589822	1.0700045548035104
13006088-TT-R	0.02191857782055147	0.01700403861053325	0.034003823873503834	0.12632505771606642	0	0.23316038906773656	0.021158165331996947	0.05387499756508282	0.04572383273612831	0	0.016240682343546253	0.01944073296428316	0.016771114482486024	0.0986788111767305	0.05653189121084238	0.17541131837509963	0.014560645584750885	0	0.005155231391498579	0.03798444664259909	0.006056243106563838	0	0.07	0.10503908730091571	1.046493076621662
13006169-TT-R	0.007628317809301172	0.01011551241558434	0.01818357820128057	0.0462755957718992	0	0.14427918224779504	0	0.033121408284060495	0.024102540919666376	0	0	0.04448663197213143	0	0.15867144513866444	0.10218578745134135	0.23914806282514986	0.028385144742180367	0	0	0.08165894879675659	0.03267970950077351	0.029078133923415288	0.07	0.12705655584540843	1.0393866665391636
13006206-TT-R	0.05555403787038186	0	0.036341277014314444	0.07401679387630444	0	0.11322605412133385	0.017110389651333578	0.021451531506514396	0.04825129582842463	0	0	0	0	0.15770395184572006	0.01653346830351723	0.389437665607035	0.018066470629840112	0.002827208565715826	0.03959139259850871	0	0	0.009888462581055822	0.07	0.12950674053066574	1.0397041907514872
13006246-TT-R	0.026856940055307442	0	0.03348397520065852	0.0271469792721355	0	0.1431839597456515	0	0.0435738122920471	0.015880851911512187	0	0.009356076981083723	0	0	0.11190291353410445	0.0382786347277059	0.1982842911497257	0	0.011633703085918528	0	0.2948525654409066	0.00592593836785064	0.039639358235392226	0.06	0.14350235475179607	1.0488776170016698
