Input Sample	B cells memory	B cells naive	Dendritic cells activated	Dendritic cells resting	Eosinophils	Macrophages M0	Macrophages M1	Macrophages M2	Mast cells activated	Mast cells resting	Monocytes	NK cells activated	NK cells resting	Neutrophils	Plasma cells	T cells CD4 memory activated	T cells CD4 memory resting	T cells CD4 naive	T cells CD8	T cells follicular helper	T cells gamma delta	T cells regulatory (Tregs)	P-value	Pearson Correlation	RMSE
10001625-TT-R	0	0.16366643368458186	0	0.00450650721610988	0	0.014744325821502917	0.03566446591666686	0.34700916348375455	0.07594158597445357	0.03574961045092628	0	0.04653471388170016	0	0.0062468675379254565	0.07731633144790775	0.04194994676821477	0.052970656582439976	0	0.0609088497177474	0.020954451598855697	0	0.015836089917212838	0.18	0.16891661280911868	1.0005049800865544
10001691-TT-R	0	0.188271971629462	0.006203239131439474	0	0	0	0.015134311671312576	0.19633262701241863	0.043203651471984156	0.13832654731254132	0.06869486945599781	0.0662950291120123	0	0	0.08307977199578805	0	0.0677057023798484	0	0.08503702986809643	0.03196551590609119	0	0.009749733053007704	0.53	0.01615356618071952	1.046529305887965
11000047-TT-R	0	0.05596555253046696	0.007020415372669792	0	0	0	0.1071461630912767	0.05293425135566313	0.25121580736241295	0	0.10612334814122482	0.06798798489632966	0	0	0.05867093353960572	0	0.053591488032414605	0	0.1318436794079906	0.09784823278947016	0	0.009652143480474988	0.01	0.34536509025500667	0.9384496848097851
11000095-TT-R	0	0.17758164368322207	0.015075261167237373	0.003882612267168041	0.025879328071348767	0	0.1420244356630703	0.1517187357335806	0.07134869513029028	0	0	0.1108677829479984	0	0.01502405943990469	0.03751285242955592	0.004008668558578702	0.05727490464720915	0	0.12094100212634264	0.0668600181344931	0	0	0	0.3685341248964426	0.9325907912130226
11000142-TT-R	0	0.18381910063117549	0	0.006908406103823033	0.0019023561386481264	0	0.033523858391150706	0.013891435615968744	0.10429394567821867	0	0	0.14915453352072108	0	0.005623062124334899	0.15852301815259268	0.02557925830819011	0.1375151910419749	0	0.10269077294563941	0.05783408847705179	0	0.0187409728705103	0.23	0.11958736585811593	1.0517175926732314
11000204-TT-R	0	0.0941658474445503	0.051989146887785824	0	0.01077619409872349	0	0.021641371127537185	0	0.15149295902826115	0	0.030536511098369256	0.11325767508555665	0	0	0.13645412032440926	0	0.1401689818668067	0	0.11321265466614393	0.1363045383718563	0	0	0.04	0.2664046648058364	0.9799066734250237
11000226-TT-R	0	0.10976991021281382	0.004051098699588719	0	0	0	0.04230642325454974	0.10130559957260374	0.2602597309555512	0	0.018955040258583578	0.10072821025450565	0	0	0.08802405702616892	0.03224697182826516	0.04445676803434817	0	0.11355963452022672	0.0811320799179464	0	0.0032044754648480997	0.24	0.11009921663679009	1.032282422375931
11000288-TT-R	0	0.0949599508883709	0.01183414753993637	0	0	0	0.026675113562481003	0.2652526795525462	0	0.1867522969245024	0.0436322541612418	0.05941742696960849	0	0	0.008807666177524903	0	0.20207510952219787	0	0.058897797521012374	0.025592320255797524	0	0.016103236924780114	0.29	0.08585375215254004	1.0338529073960314
11000350-TT-R	0	0.08759172580582196	0.010324762710574757	0.011817848744572463	0.01635765693600622	0	0.07370837499064005	0.13921662880448588	0.08548536935378051	0	0.022340037753110702	0.14983333258057407	0	0	0	0.08574287776955887	0	0	0.22222246056039585	0.09535892399047875	0	0	0	0.4495259654129061	0.8928946815298752
11000359-TT-R	0	0.050232975675826776	0.006389363614229868	0	0	0.013623928591521445	0.1828123565527198	0.06496106357013555	0.2793469890713071	0.13386950811116438	0.03288534758692786	0.053071650825316403	0	0.02872716813589334	0	0	0.062202716947580415	0	0.03738590341691524	0.044494364549603566	0	0.009996663350858258	0	0.4065387078629939	0.9137165269360229
11000365-TT-R	0	0.040207057843328266	0.009221295770824565	0	0	0	0	0.03698057826464653	0.581269563086401	0	0.06594022278689658	0.0625498302640934	0	0.009099183763334226	0.027544452791692684	0	0.07814966128936368	0	0.02338137487520076	0.020964252890749793	0	0.0446925263734686	0	0.5427772112475431	0.8414488800385194
11000372-TT-R	0	0.11065272294008816	0.059942393179145764	0	0	0	0.15208861997751558	0.017363628748773258	0.24349767980538586	0	0	0.09775622128025735	0.0019047577669946897	0.04639224600720384	0.0390712210388726	0	0	0	0.16535069318151527	0.06597981607424767	0	0	0.07	0.22652799392631445	1.006721836701109
11000374-TT-R	0	0.15538567570810521	0	0	0	0	0.08060786581912988	0.19372324485106807	0.0752491453529074	0.027354819239315573	0.014938182741523712	0.10379136001816319	0	0.0021317063905415636	0.06461940652340815	0.08965994525077249	0.03557504820611651	0	0.09822292493948931	0.05874067495945896	0	0	0.14	0.20432086098354835	0.9945023194799414
11000381-TT-R	0	0.08221270456586752	0.15741369676846045	0	0	0.008816434698802835	0.09930520042689386	0.1493930450281075	0.21804878879431858	0	0.03935138574360515	0.044934511989147045	0	0.024921222824975237	0.01613015658513696	0	0.03120069899145937	0	0.05102402084621987	0.06226421187421581	0	0.014983920862789877	0.01	0.3433140752482032	0.9418389441654081
11000385-TT-R	0	0.18023052181769017	0.03187492317743495	0	0.0221440151778311	0	0.0961500582982952	0.11373824889838165	0.18815442299257734	0	0	0.06049626470508967	0.03122880101637091	0.024608288186636556	0	0.01475237525999796	0.1301188181600605	0	0.04137742299377086	0.06512583931586306	0	0	0.05	0.24499992149009192	0.9825171597064378
11000403-TT-R	0	0.05412819985536834	0.014392046450425354	0	0	0	0.013573362504914343	0.11439399141139822	0.3430748606586028	0	0.059268734689028164	0.04570206027195079	0	0	0.08109042095698282	0	0.18135614382390705	0	0.0448701405565444	0.023641299430895355	0	0.02450873938998237	0.23	0.13202432191652766	1.0226698746672673
11000461-TT-R	0	0.08252431615512727	0.03304495863768533	0.0019200018041283596	0	0.08425890936032461	0.03453346137854185	0.15397100645882417	0.17252440971749394	0	0.08694279496805529	0.0914169120945128	0	0	0.04143271306855565	0.006399700132744276	0.1021021725710852	0	0.0714781958711109	0.014454221831180546	0	0.02299622595062978	0.23	0.1408039618124516	1.0178559583645805
11000498-TT-R	0	0.11470254599135658	0.00599992996028736	0	0.015308009037715996	0.007791325851396909	0.05086909885737248	0.1966040591500995	0.21598590472225163	0	0.08456611989640579	0.05817339891673835	0	0.011745476848626545	0.046346789342499375	0.04835856235678599	0.08886837182124722	0	0.030523353814787185	0.024157053432428993	0	0	0.06	0.2280957596365308	0.9791268859897162
11000511-TT-R	0	0.0967238995895405	0.024425672779299256	0	0	0	0.05723784398114066	0.07639924570373002	0.09152991340081375	0	0.025298613503403226	0.04190558373600479	0	0.005074955390765398	0.1480664617225565	0.011450734599965418	0.06444042648662493	0	0.20451926199824014	0.1529273871079154	0	0	0.22	0.14601268332414052	1.0295880749892334
11000515-TT-R	0	0.04648297528023874	0.02444350007966144	0.006501466528452024	0	0	0.010758621757816432	0.20653939658715004	0.20021965628813826	0.07418533843924587	0.08485675978550657	0.044083181916395354	0	0.054329122729343766	0.00843299991866952	0	0.13382304703446704	0	0.07135384719646673	0.021265840383743177	0	0.012724246074705075	0.17	0.17845359963294294	0.9991687842399306
11000552-TT-R	0	0.05493402552909652	0.0305963166525273	0.0035696735573045296	0	0	0.03750485016399252	0.2190171674922791	0.3048561025095871	0	0.03816509736732673	0.07470210366887464	0	0	0.002958673871148959	0.047534348736891066	0.023240268530395982	0	0.12313075800061503	0.03979061391996047	0	0	0.05	0.24228872777736804	0.9801306300204604
11000557-TT-R	0	0.13313862655980718	0.0051587021997047	0.008206305013819285	0	0	0.026103965686382045	0.1343245219441921	0.13385570450548157	0	0.03602439669066927	0.1379275111692319	0	0	0.047951261284193886	0.05761109916746391	0.08794297379199939	0	0.09795672802142216	0.09379820396563258	0	0	0.15	0.20114397508035786	1.0039969160361848
11000562-TT-R	0	0.1314091055315113	0.006663123929332416	0	0	0	0.06255274535630993	0.15405212136545113	0.1094004061025043	0	0.11609955576579464	0.01270042195216547	0	0.0735373685289719	0.009358301774912625	0.03199348466741446	0.20382942162197892	0	0.0665782671767676	0.021825676226885343	0	0	0	0.4008579713727166	0.9138281635874366
11000573-TT-R	0	0.06081455722610255	0.02352182692808375	0.0008	0	0.03380876360510511	0.01623667999899626	0.16025683016891007	0.401705653557818	0	0.035434069568084085	0.029567891264630494	0	0.016648969858641074	0.01949396753274809	0.052002225097515405	0.1151070894278634	0	0.02308113865884606	0.011550546425250536	0	0	0	0.4496459223699896	0.8927980404233125
11000593-TT-R	0	0.04877548686821097	0.0166902848572439	0	0.004278199222917214	0	0.06091604927142528	0.09897804619550479	0.38498006274064117	0	0.1153559358448196	0.014732249545384267	0	0.011225156218097289	0.006832967163282363	0	0.16353271342558393	0	0.03239610916404125	0.041306739482847986	0	0	0	0.428668636922619	0.9020338241419412
11000674-TT-R	0	0.08480118175281669	0.013552908278738302	0	0	0	0.014672068656539024	0	0.4638359121473999	0	0.07745336019042288	0.0237761598830447	0	0.03936264626339248	0.11776956505412259	0	0.0686354480647446	0	0.059894192426930185	0.034799890772651505	0	0.0014466665091970993	0.05	0.23706967439542678	0.9838489618808808
11000679-TT-R	0	0.1072443516894861	0.007679432626789095	0	0	0	0.059002386707387416	0.002561536605526424	0.409670919396768	0	0.03861556083438699	0.06147285324973411	0	0	0.07035120365306198	0	0.09640998258760004	0	0.057159639342183405	0.07114652557877109	0	0.01868560772830529	0.02	0.3183838628093935	0.9505909959883428
11000681-TT-R	0	0.13701026797024005	0.00913690522206061	0	0	0.05527932502906947	0.1051211989084418	0.07269459791231034	0.15737584162990292	0	0.037843945862211494	0.12099094199122801	0	0.017913876743648388	0.04015214838720633	0.04682772347098045	0.035393285746572654	0	0.08587302530969158	0.06317209998259447	0	0.015214815833841428	0.15	0.19641519050325226	1.0049348227908825
11000684-TT-R	0	0.07415252843118642	0	0	0	0.13159015949423317	0.07620183353795772	0.19024154390283277	0.24000426793937657	0	0	0.05287345943450808	0	0.08658767848942468	0.01794421492142806	0.025361200508420147	0.02284308628579181	0	0.03716759328135192	0.024148618229865297	0	0.02088381554362333	0.15	0.20120602251251585	1.0066286881271729
11000689-TT-R	0	0.12296913110450104	0	0.0024069266167180015	0	0.10378595389831995	0.09842843754770017	0.2564629188679045	0.22597653408685078	0	0	0.026071505773597417	0	0.01948767131543983	0.011393448752061225	0	0.025186522661729202	0	0.044830490679301796	0.03689008995467484	0	0.026110368741201193	0.06	0.2281768991195356	0.9934806008941188
11000814-TT-R	0	0.019340127454699436	0.008236358926926124	0.007961517765809237	0	0.037589424290932455	0.007346668001765187	0	0.7443025774481311	0	0.018092845482951377	0.008229022251032062	0	0.03707029663176827	0	0	0.05188744503861922	0	0.013040059630434614	0.02846091753975356	0	0.018442739537177337	0	0.7574672114667856	0.6777850270710267
11000842-TT-R	0	0.1105338296879435	0.0016759441809375917	0	0	0.047355480470161956	0.1399722966227332	0.09050730246675648	0.049647315256619834	0	0.03876897776978121	0.04640270720908502	0	0.00905416731960055	0.09524801663308527	0.09106918019270428	0.060059980946723615	0	0.15099315217565473	0.0687116490682128	0	0	0.05	0.2496146203383752	0.9853705482461047
11000843-TT-R	0	0.10679958185057829	0.010718572927541923	0	0	0	0.08082518027875363	0.11496936234861085	0.2828978107595189	0	0.012698159979397822	0.083644483677413	0	0.05759820428912669	0.0555116175552963	0.04947435527550707	0.08191355391665939	0	0.045277271399528134	0.01767184574206792	0	0	0.03	0.2691116384127502	0.9684121444934302
11000846-TT-R	0	0.12580336163171163	0	0.001041140375898672	0	0.17066487764345506	0.10189494480458133	0.14391373218706785	0.14386208712927936	0.016125367494296446	0	0.051919637784010195	0	0.008411062646385851	0.05880220124499003	0.03777996369565967	0	0	0.06220091264143642	0.0543317095116791	0	0.023249001209548384	0.01	0.3344830250256081	0.9449012558007808
11001063-TT-R	0	0.1300910557332411	0.03705610963837768	0	0.024780227196293886	0	0.022987840736041563	0.006170892598128374	0.2616814943565005	0	0.017068817077023346	0.11330500418642606	0	0.010244303857924202	0.11713040670869772	0	0.033109216094740865	0	0.09927928667161193	0.12709534514499268	0	0	0.3	0.07881205402968448	1.0467453575837828
11001807-TT-R	0	0.08399898334575093	0.017382209281266568	0	0	0	0.1703708964774626	0.11870828278511186	0.16162380828132417	0	0	0.0746890689023764	0	0.03228780282471727	0.06964838063176752	0.04191060033913905	0.016431871631709335	0	0.10701160434148407	0.10593649115789028	0	0	0	0.5022323502901632	0.8642208700615193
11001820-TT-R	0	0.10058622586570796	0	0	0	0.15711432727299213	0.030064241654931045	0.11405737770154493	0.269108807297249	0	0.0062585397024695465	0.08967218012142043	0	0.0018113729148324443	0	0	0.13689942652398845	0	0.028092155450249276	0.02372240146751737	0	0.04261294402709744	0.23	0.14182296392743365	1.0370187101544244
11001866-TT-R	0	0.07185005056411987	0.011060389382730086	0	0	0	0.03555750471693103	0.016491620673163745	0.3950894203072444	0	0.031803732660758526	0.06184143152235683	0	0.010053327947359882	0.07164715075652854	0	0.1632801593079218	0	0.06665111969432946	0.06296305310309322	0	0.0017110393634626627	0.02	0.2954978342333613	0.9614775656318219
11001903-TT-R	0.01529894498194914	0	0.006255036156127336	0.0005	0	0	0.115043926141392	0.14076619608807112	0.2922324184620369	0	0.029760996083926187	0.07921375923881264	0	0.016407197152419957	0	0.0952046345047761	0.09501650407050888	0	0.09103075061856365	0.023237352891915898	0	0	0.1	0.20896719647079254	1.0026315771674932
11001997-TT-R	0	0.062395039838024	0.0001	0.006916565135144825	0	0.01598791314577448	0.054396830713635186	0.17982001674229808	0.08335865396568654	0	0	0.1189426319331749	0	0.019185367771544583	0.15927120773744585	0.07297525460462362	0.08914829340080115	0	0.09879851478087869	0.02032609448508892	0.002958878635048003	0.015387347304132616	0.15	0.19729676659604814	0.997820056220339
11002033-TT-R	0	0.049060030111902304	0.009515147295474579	0	0	0	0.06154886424141083	0.12155231067821548	0.35186520546006844	0	0.024038918004495875	0.048416237619639	0	0.02126471812724915	0.022455259836934853	0.04077470759660749	0.15848991247217817	0	0.04336562398820149	0.047653064567622264	0	0	0.01	0.3348829458404034	0.9428929480006649
11002106-TT-R	0	0.08611365204935341	0	0.0010888297844839758	0	0	0.032791422250632855	0	0.6802574473083868	0	0.07242222530365018	0.008331284807226828	0	0.01983219142420296	0	0	0.042962046262110296	0	0.02812595923908899	0.017373862541530675	0	0.010701079029333099	0	0.6686276145603973	0.7581263847816042
11002212-TT-R	0	0.08768463415794271	0	0	0	0.19967992629666773	0.05721414890797587	0.21483783513016821	0.13185669521916965	0	0	0.04031639659518357	0.0013832003694606268	0.03340856848308261	0.05655459610698311	0.03366704997783388	0.10745973661072464	0	0.01686816411089015	0.019069048033917256	0	0	0	0.4463101023529887	0.8936196098607189
11003687-TT-R	0	0.0650161924708326	0.0128943330166929	0	0	0	0.007928109728434758	0	0.6483226587157297	0	0.09612123728357624	0.07811001873558812	0	0	0	0	0	0	0.03822314562433701	0.053384304424808716	0	0	0	0.5653327153510882	0.8258539685238235
11003704-TT-R	0	0.10165883811467206	0.0008	0	0	0	0.060901454484361225	0.3109812597841057	0.15588175622492104	0.0031771470316206115	0.022621995569218064	0.046295855092845103	0	0.0030445612948140103	0	0	0.13428978587306878	0	0.08303020022659109	0.02421593185965371	0	0.0530604051735839	0.34	0.05741504155510975	1.052523900770706
11004126-TT-R	0	0.08689709094902166	0	0	0	0.015637946406023496	0.05817531363421309	0.2780438109883495	0.0202930600672341	0.10055768418073689	0.05239148171873981	0.04219813907402561	0	0.002058268511237981	0.021267041557497833	0.008228442032367717	0.14807667707506153	0	0.11642613759173617	0.01751914002164765	0	0.032229766192106955	0.03	0.27336836567523454	0.9660136124991856
11004229-TT-R	0	0.0866672044552896	0.014992849622967742	0	0	0	0.14385959077474006	0.22697833583233318	0.031445203723400025	0.06087146303261817	0.015213093559390677	0.08098915525706017	0	0.021014876930382616	0.04087337966985053	0.05545859220258062	0.006794815185613611	0	0.1489013009616969	0.06594013879207612	0	0	0.02	0.2928310627032097	0.9640528833953182
11004355-TT-R	0	0.07118713356141025	0.011061397153731771	0	0	0	0.003988329621983247	0.1660273446787041	0.44867010788803446	0	0.059067361749221184	0.014931427460737732	0.0009	0.08125139221220733	0.008343753259585397	0.04020346344654609	0.040904198054215864	0.014767934786995887	0.03866448238786071	0	0	0	0	0.4331269874956992	0.9006011235695199
11004491-TT-R	0	0.04024865225039763	0	0	0	0.455627901871659	0.05031030570785946	0.22165373804446045	0.04974510173530342	0	0	0.017430748212942108	0	0.00947632940265528	0.009794392722446955	0.0013671739418759509	0	0	0.05119362475559395	0.04897194290599135	0.004204316670197413	0.03997577177861701	0	0.6823825600009645	0.7333715809409915
12000021-TT-R	0	0.1758905023239332	0	0	0	0.04864598598604571	0.024702684030369428	0.12244064628403202	0.10595929433085373	0	0.04867274584501733	0.09646530422299404	0	0	0.12668158139554755	0	0.09933870208275343	0	0.08733573614529631	0.04068916575728473	0	0.02317765159587255	0.19	0.16040506274600153	1.010640992105618
12000107-TT-R	0	0.062090531480686745	0.014492583711353965	0.003673919853228568	0.009369143486663293	0	0	0	0.5342750596975353	0	0.13258232243287302	0.011094679133388604	0.013365893577980124	0.023812453215439882	0.05080257447044243	0	0.046914986457466924	0	0.04742070294668027	0.03576329403124026	0	0.014341855505020686	0	0.4626583317168485	0.8865182032032008
12000111-TT-R	0	0.07268151715602313	0.0023089724310232373	0	0	0	0.06079054962978269	0.22577377215062422	0.1282727603450474	0	0.03660523815185575	0.04732903240239022	0	0.018177396522259557	0.017745778254226508	0.034064277212691535	0.19601721405329442	0	0.12645805239384272	0.03377543929693862	0	0	0.16	0.1896027416037466	1.0060024253418514
12000477-TT-R	0	0.02840554800754407	0.008132900989248676	0	0.016695380674540215	0	0.002374856632911422	0	0.659063717634357	0	0.1511551396826262	0.0221634265251081	0	0.029706723912696367	0.0015794771135517764	0	0.06645971274976437	0	0.004698043080757885	0.00956507299689402	0	0	0	0.5869622405249345	0.8141152861081745
12000755-TT-R	0	0.09816785588509684	0.003241082179295505	0	0	0	0.12971525657369673	0.21054905384756234	0.10739149841210104	0	0.03108801898525895	0.0600923942054722	0	0.00834550221078568	0.06777556909069088	0.03343311931279298	0.06663065969847416	0	0.10411188545618022	0.07945810414259255	0	0	0.03	0.27066342540255395	0.9707286480951435
12001290-TT-R	0	0.031474141090794355	0.002072257711462365	0	0	0	0.01716757656109163	0.12921469223854834	0.5277339695091795	0	0.0708060417451369	0.011937183142141957	0	0.0238176225886931	0.010880074928082007	0	0.11385327066676645	0	0.028367001953541096	0.018268062927390336	0	0.014408104937171923	0	0.3986264340447789	0.91795576229782
12001311-TT-R	0	0.07537679890983541	0.010237905941887107	0	0	0	0.08095593718804724	0.10200047723865502	0.4609011454233278	0	0.047689415283823165	0.014217631583930938	0.006153650893893651	0.016643189420781593	0.014506765437691846	0	0.10661054419167282	0	0.026204437978246425	0.022939777012724726	0	0.015562323495482297	0	0.43953485341114756	0.8962790225950042
12001512-TT-R	0	0.06348816962572557	0	0	0	0.36711261542843326	0.048061126105196104	0.11863433595313828	0.040162872169175586	0.05044832215224419	0	0.04789107930233895	0	0	0.03308119462299625	0.001104206445313967	0.13044396223779814	0	0.05331925461927072	0.020866833112594994	0	0.02538602822577393	0	0.371336140033521	0.9414475478299458
12002385-TT-R	0	0.10629070933230714	0	0	0	0.13218072347902154	0.035483034871310964	0.1763597994331228	0.06273406207554959	0.020684397300515755	0	0.07239167047891812	0	0.001989982385891497	0.10510018555161232	0.02892142513553032	0.10515974556834223	0	0.06873730674987574	0.03834576022659328	0	0.045621197411408625	0.31	0.07233450910814312	1.0484376460948954
12002841-TT-R	0	0.11229584077466803	0.012141697014526824	0	0	0	0.03418415864489035	0.07932704343530629	0.10150334371195376	0.051098780695146416	0.09797407884637697	0.07590675110255377	0	0.0745042238808925	0.03495965455446575	0.07193327537714814	0.1105418645340629	0	0.06547237337036255	0.05465226350091687	0	0.023504650556728936	0.45	0.03649747674134724	1.054635289424267
12003310-TT-R	0	0.03795597681036773	0.0009	0	0	0.035196320160843377	0.025653726205353108	0.14251888422746997	0.3334121228556188	0	0.12466955737002855	0.031823708863984446	0	0.026123482048957685	0.023429510212447897	0	0.15383031873431877	0	0.03631820412994349	0.007662107650685948	0	0.020535863338411252	0.02	0.32377507083366874	0.9473156806316682
13002183-TT-R	0	0.07789464163504918	0	0	0	0.09233769720815249	0.051544122338605274	0.10033906039466496	0.11122625710498257	0.024053712746178554	0	0.05232497029704846	0	0.0540750756322517	0.24399824177252755	0.08027305987967225	0.0394942418057212	0	0.0611128360214017	0.011326083163744076	0	0	0.24	0.11162641884545511	1.0214481287390464
13002327-TT-R	0	0.032487416733268576	0.0049368030764769325	0	0	0	0.029401818741926638	0.09269344561236054	0.5689355136323478	0	0.037470643469554386	0.022812029887656776	0	0.053551908721623326	0.05205913930980713	0	0.05599768276969561	0	0.020279124128376964	0.027767302116070584	0	0.001607171800834717	0	0.6132922444457093	0.8025631421678583
13002461-TT-R	0	0.054946800928527266	0.009982898618796638	0	0	0	0.003302856716417571	0.0967148618081853	0.3852138277459753	0	0.033416623690434764	0.012062036913116749	0	0	0.03537027560566451	0	0.1758298365412107	0	0.10884763390445619	0.04875152987720213	0	0.03556081765001287	0.03	0.2812259256984875	0.9701763936906501
13002506-TT-R	0	0.1616540950822763	0.0001	0	0	0	0.004073602640920902	0.34026809171892186	0.14479321707918608	0.09706959407424512	0.055452916118135055	0.045056938317908406	0	0.008662932639660444	0	0	0.12476854944794785	0	0	0.01133858600113344	0	0.006754817028697752	0.24	0.11355296183156847	1.0223473125979323
13003423-TT-R	0	0.038936967660634654	0.0042024810340792335	0	0	0	0.02623301842774576	0.26480835725232776	0.3423282792780775	0	0.03149005516096095	0.058011944587239045	0	0.039795847656663455	0.014096438701800718	0	0.1308254152663384	0	0.022894029199599323	0.014335740424206994	0	0.012041425350326243	0.17	0.1850411635938411	1.0054340292040687
13003457-TT-R	0	0.10767740664388126	0.0012423307552919963	0	0	0.030626165304214255	0.10508047443612493	0.1930248394778873	0.20735102575180817	0	0	0.08209003805512681	0	0.028576759198568568	0.03880937734517942	0	0.07674930760504907	0	0.058901744247641705	0.029884369431409652	0	0.03998616174781684	0	0.38645512985612035	0.9202190693634938
13003473-TT-R	0	0.06376015462708018	0.016454752772670053	0.002182554714630333	0	0	0.03904774724314189	0.27038737396839124	0.07983306126802427	0.11875390544292631	0.07513514639235919	0.05232937532612641	0	0.011977234468976599	0.0007	0.07502818647085216	0.07464971898454406	0	0.11050251597860443	0.009277789760880796	0	0	0.34	0.058050159977692466	1.0360936104607326
13003494-TT-R	0	0.047116717907629196	0.0144470080412251	0.003608762260010433	0	0	0.03928943764502731	0.2089981468390528	0.15121032069727589	0	0.06526322285066342	0.09728808101615566	0	0.005641083785763645	0.054482291024140574	0	0.16246205216947326	0	0.0906972924611198	0.05045415305858449	0	0.009041430243878372	0.04	0.2542403181100816	0.9755841245826007
13003536-TT-R	0	0.11088409389965874	0.003705781829010783	0.010836835965769393	0	0	0.03132372062812074	0.18329163620755812	0.07176818571830199	0	0.024744487770948117	0.07408834088075028	0	0.01486201761516835	0.20630320143673464	0	0.11636672237821914	0	0.07524291401613614	0.044513935086939904	0	0.03206812656668367	0.03	0.2688098510317188	0.9659143133847042
13003561-TT-R	0	0.10504797258368077	0.009882710880602125	0	0	0.008150509829005722	0.027895406406808834	0.23369285702880843	0.19478452653526623	0	0	0.04888573837739586	0	0.021962866457855435	0.07605757490141447	0	0.14963390933501322	0	0.05551592086007979	0.02332696995393238	0	0.045163036850136694	0.19	0.16166738955347856	1.007681473986091
13003601-TT-R	0	0.06855011937706963	0.0005	0.0012190666451247659	0	0.08858094443603243	0.04392016032538927	0.19902804538113275	0.2828116566047786	0	0.008728398726704287	0.06361173430874925	0	0.015499481977279747	0.05198308065117611	0.0224528466777821	0.053543880085090076	0	0.04969997157477556	0.026389647289044527	0	0.02350834010921279	0	0.4493744534934729	0.8927279077840231
13003621-TT-R	0	0.11967491096666116	0	0.008818190262213654	0	0.001684048631579766	0.02411816583465421	0.1956640713420049	0.08009818147603281	0.19714774138302765	0.050698593765097055	0.0004	0.04880279402992737	0.023044023519067255	0.05443313163847734	0.07838528026072805	0.03354629957002424	0.00824607073413511	0.060800119608073	0.003345994731008741	0	0.011052887452557697	0.32	0.07065325972829853	1.0214073715102072
13003660-TT-R	0	0.03247090466348266	0.003155376588287815	0.0002	0	0	0.0449513610948851	0.34744860351554824	0.08477078993548666	0.026225013379033938	0.08619872269754998	0.07178652496869159	0	0.0017245147594350803	0.006998978988645394	0.007315035263572557	0.13939663732992597	0	0.09003681511323018	0.039652418554560774	0	0.017679983920846326	0.17	0.1723735377494946	1.0069844380709037
13003724-TT-R	0	0.09117088941784217	0.01581626487716169	0	0	0	0.042056873390645184	0.1781930563547955	0.0795469698733556	0	0.025354245813135546	0.08297708965944364	0	0	0.17580331516571548	0.001654588667375273	0.11704057429222123	0	0.09108398005993218	0.08797924720894208	0	0.011322905219434368	0.01	0.33576443982514803	0.940896015705407
13003758-TT-R	0	0.1010214149125163	0	0.0031430052308567607	0	0.18246052591405293	0.06043941538174568	0.14209459923439652	0.10302446550020072	0	0	0.1050756387759173	0	0.012018131159209286	0.06467587724389283	0.05063290752295099	0	0	0.10089851451085692	0.04849759641088036	0	0.026017908202523452	0.19	0.16601293776450832	1.019396346966706
13003772-TT-R	0	0.07730280370018569	0.00963981028611893	0	0	0	0.027789600832005008	0.30252716817574565	0.1321861644749282	0.04310644557881179	0.07121926788167833	0.08989658930421632	0	0.04742808017023183	0.0035106814988363766	0.047642072797681	0.0767559564737828	0	0.05940154304385184	0.01159381578192617	0	0	0.2	0.155519330935722	1.0076767774467856
13003773-TT-R	0	0.11936027907815912	0.016291376040260763	0	0.0003	0	0.012093349712690193	0.23873980172189394	0.10841451588311153	0	0.07852182751866585	0.04790894417925008	0	0	0.1160005512557539	0	0.12466752560640046	0	0.08231454558999078	0.04024740726665144	0	0.015150987349396464	0.18	0.168299947659647	1.0007933936760878
13003923-TT-R	0	0.0602538104908389	0.0229809951865433	0	0.00834679343927656	0	0.007790345535383204	0.025306483411305484	0.4624013218863515	0	0.04168635710522748	0.05146469809269413	0	0.016478678236747986	0.1604783554301864	0	0.052701533346266816	0	0.06290233666653837	0.027208291172639783	0	0	0	0.46160729633325115	0.8877645510680793
13003954-TT-R	0	0.11221099447435057	0	0	0	0.01759793153115783	0.0016513763478764292	0.10827578819371521	0	0.2471644761444479	0.06681494351369571	0.04063764938263047	0	0	0.08153249814230173	0.004928381697566005	0.18188490819300965	0	0.07954825337058756	0.006462441038238162	0	0.05129035797042279	0.2	0.15552454056347803	1.0073979908714426
13004000-TT-R	0	0.0768535839493524	0	0	0	0.20025823276023877	0.027362928680321773	0.11119330560337577	0.3597641143608652	0	0	0.0390584630365805	0	0.01808818364005276	0.009075087611997759	0.06540318084013717	0.030702692197882544	0	0.03147547699672134	0.019236830069143448	0	0.01152792025333063	0	0.4564714759997653	0.889545061707577
13004134-TT-R	0	0.008293684560487726	0.011385814726642882	0	0	0	0.10081417961457592	0.12891647705201595	0.4589021668041337	0	0.01715449739668905	0.06438633252460745	0	0.02600728693570914	0.020197094765120882	0	0.05916076241136082	0	0.05459618808282354	0.038243517163070374	0	0.011941997962762645	0	0.47253647587362657	0.8792048966324433
13004198-TT-R	0	0.12849272483921892	0	0	0	0.20727415744914132	0.045958291014279416	0.21875751643288593	0.07191694420546815	0	0.019733015784094192	0.02122837127785022	0	0.007650307281103209	0.07735531328175047	0.07256193246798348	0.0645499688526154	0	0.05243069799156145	0.0031155304367821894	0	0.008975228685265629	0	0.5237989274122892	0.8570199972125709
13004272-TT-R	0	0.09369769072189035	0	0.0001	0	0.09976775603708128	0.03866425961827881	0.32789173809183486	0.02949954748631192	0.13609114653609586	0.008434018055955415	0.008633750522602754	0.005196601833600298	0.010695605523561642	0.036728047486821874	0.027039758077336544	0.09797017307936748	0	0.06252835296102957	0.005928475855843234	0	0.011158539180235016	0	0.3864726680630334	0.922749638318072
13004283-TT-R	0	0.15819912243076514	0	0	0.0065943642413421565	0	0.027852280549296348	0.10642580012660734	0.13533267298719712	0.0075165526120749	0.1625836245535874	0	0.03429937410154063	0	0.08787536366507222	0.005595858325471343	0.12723187685503756	0	0.08664110537243667	0.025909767815137333	0	0.027942236364433787	0.19	0.16391943487324886	1.001524583805676
13004346-TT-R	0	0.07386819551765066	0.007742423133935988	0	0	0	0.11564029404070406	0.27908882331588125	0.0060610665530485336	0.1473985788946302	0.045720398397639354	0.044480393960500145	0	0.0029850141193916453	0.04186584743579453	0.009559941008049746	0.08155152627331133	0	0.0896653246889299	0.0373396933678866	0	0.01703247929264608	0.01	0.34776653576922417	0.9359825037246753
13004366-TT-R	0	0.007250179830722391	0	0	0	0.011740306826450525	0.057506887700678404	0.033211632135262584	0.4754229051186707	0	0.07187666528980395	0.05553311737358434	0	0.018759137317579316	0.03739425286424969	0.08916714067523808	0.04208337438356833	0	0.07004184646566565	0.02574172295075679	0	0.004270831067769325	0	0.38206336102335997	0.9237384181694809
13004461-TT-R	0	0.07474131667326975	0.0035503424541789754	0	0	0	0.00944406029741331	0.28627520653703925	0.14002977644422077	0.2589781418920433	0.07785430339011828	0.029467638843182438	0	0.012675846125549516	0.00969740937471081	0	0.05149381710897998	0	0.011696518810543337	0.0074801847863667364	0	0.02661543726238359	0.12	0.20622133584649746	0.9876243117222646
13004578-TT-R	0	0.07119652406178323	0	0	0	0.27518192158737803	0.10224214556435059	0.010180211162966898	0.3726896286682043	0	0.0049056700983167775	0.012754432603832482	0	0.0044531551534801725	0.01234600069930279	0	0.012265627614790865	0	0.029835330301516867	0.02570817648093753	0	0.06624117600313952	0	0.6557154174235224	0.7615087487940555
13004717-TT-R	0.004142885261009293	0.02895146677511979	0	0.012945155497814682	0.0002	0.00958953247266105	0.1401473175396522	0.15716585611768805	0.05043039502587762	0	0.038808147683346346	0.06400673904013676	0	0.031980267243525935	0.14418139698522714	0.03158120715174229	0.056885536875499874	0	0.13306652180254905	0.09589371102200037	0	0	0	0.46123061614212196	0.8857346991327872
13004746-TT-R	0	0.07401202795088205	0	0	0	0.14075370434799372	0.06985183461544404	0.2154892733160277	0.2796993201740637	0	0	0.023611225685084284	0	0.029501373646730254	0.05576416273106977	0.009130824823754057	0.04832210953364166	0	0.033105424557900075	0.01090199867513879	0	0.009856719942269814	0	0.6476252153048488	0.7875060054005467
13004868-TT-R	0	0.1297383479378944	0	0	0	0	0.06416619461110648	0.26204665946167466	0.1505541709883347	0	0	0.03269082659706767	0	0.027277103595210492	0.11990789883926818	0	0.05268743645369313	0	0.07906947977711563	0.02364081130956784	0	0.058221070429066796	0.14	0.20402653237831359	0.9884046173633123
13005070-TT-R	0	0.031450968216659346	0	0.0029818820665819625	0	0.004506544623585001	0.023087453645871385	0.3994329643477083	0.18733905392423122	0	0.10596215385335925	0.052722936099687596	0	0.008205572835221081	0.05570352898217367	0.015488264386351347	0.048287655654785724	0	0.046683450604921364	0.004044251115737759	0	0.014103319643124992	0	0.4906930965823055	0.8808471028059065
13005327-TT-R	0	0.058214897559507296	0.007915548002066309	0	0	0	0.05586659706995892	0.31719831049976954	0.10987327964995239	0	0.06431243637834662	0.0352857584465713	0	0.009932140520186775	0.00846294306035423	0	0.20366667125701104	0	0.07358154149011703	0.024778512278013143	0	0.03091136378814543	0.23	0.12500745428552945	1.0280613606768385
13005375-TT-R	0	0.09839030965682564	0	0	0	0.3488693805019462	0.009553172378512876	0.2980717364641238	0.08792855124114399	0	0	0.02261295503800854	0	0.03501357734667388	0.022280580465701222	0	0	0	0.040897227343881654	0.02055763681127619	0	0.015824872751905937	0	0.6254086882695595	0.7841105012249775
13005389-TT-R	0	0.03311004016583528	0.007264139655810777	0	0	0	0.02649292321668231	0.10702830443029365	0.4902996084930257	0	0.07499804532553378	0.05076931277585128	0	0.014954218171081512	0.062266437766884	0	0.042536859685402724	0	0.032576001388821	0.03571040562142833	0	0.0219937033033496	0	0.40224806383676304	0.914702429121052
13005420-TT-R	0	0.015673788059007827	0.00975596938771682	0	0	0	0.008900750648332345	0	0.632254500195995	0	0.18657237586217004	0.007776706873534017	0	0.04289345334031777	0.001411251267370456	0	0.06959041726803906	0	0.0032638297699118363	0.01246055472667523	0	0.009446402600929498	0	0.6105257790425072	0.8012160330675283
13005614-TT-R	0	0.07498909326973402	0.0056678045991257	0	0	0	0.07260575348580858	0.12768378392825785	0.3826128245355868	0	0.02971046862724303	0.035102629604472475	0	0.07671079292695562	0.018860930872632315	0	0.10026497026156019	0	0.030686141826921472	0.041143107705233495	0	0.00396169835646841	0.2	0.1578094325806877	1.0172721684306194
13005639-TT-R	0	0.16986019617087197	0.008516901400970073	0	0.003068352926210561	0.06153333151620496	0.06331045544042334	0.09168329726023469	0.0692671902967999	0	0.07526847520131001	0.05716723705675461	0	0	0.06924025285605065	0.014298368304418873	0.05517613264682328	0	0.14821435023533866	0.07179959787641395	0	0.04159586081117457	0.08	0.21469245190164352	0.992568869340879
13005661-TT-R	0	0.11682945071800413	0	0.0019434354148555179	0	0.019776967138363986	0.0181083918372191	0.2052291219600372	0	0.23324687049093218	0.0012602032117853615	0.050691117535917034	0	0.025061879875774053	0.06173016629632664	0	0.1367504306557195	0	0.0817127371570827	0.03692154741018901	0	0.01073768029779351	0.34	0.06498794166013094	1.034000478273827
13005819-TT-R	0	0.08633858733967362	0	0	0	0.0135729828546513	0.14928603827651793	0.28232393415156887	0.029227558897601844	0.01397546045393234	0.017282055378689563	0.08965280153278878	0	0.003260704486989344	0.0435690257583384	0.026627979416959144	0	0	0.15833008919746902	0.08655278225481979	0	0	0	0.6212063659850628	0.7997112328004863
13005825-TT-R	0	0.07166801998989417	0	0	0	0.12424066345854581	0.05541176259178405	0.11124319752968484	0.3420409138091266	0	0.009093454631240649	0.005837540122360701	0.019569047764370753	0.010716183067891046	0.049742154468461454	0	0.07102313304843451	0	0.06850304265069189	0.056357557871782565	0	0.004553328995731032	0	0.3946178298991141	0.9179290032143738
13005875-TT-R	0	0.08315418056812532	0	0	0	0.12256185790533611	0.049363871717155325	0.1020121240763002	0.33611591650544165	0	0	0.04507259907682087	0	0.014833196162977992	0.06373730630310968	0.05232346965365504	0.031842222764953375	0	0.06079170412106196	0.038191551145062556	0	0	0	0.49700678666059706	0.8691739881437763
13005930-TT-R	0	0.10167256662074746	0	0	0	0.18052890841800434	0.04525890805395345	0.23831121377995995	0.17189855071168153	0	0	0.033820640682064466	0	0.013037321876515968	0.02749533106636768	0.011768746844491206	0.10509590609386239	0	0.033792076610184234	0	0	0.037319829242167264	0.02	0.3011396593305888	0.9633521549256775
13005989-TT-R	0	0.06342751989620912	0.01136976813673308	0	0.001308869995535578	0	0.05767316625220817	0.055662907248625694	0.4967916898205276	0	0.048136501534239616	0.027258465880020847	0	0.09090681501584366	0.001978309017703531	0	0.09822146319241001	0	0.02271752720900882	0.02454699680093428	0	0	0	0.5842076576113397	0.8203886813619878
13005996-TT-R	0	0.047515450210084915	0.03013770003385181	0.015520930940502437	0	0	0.12172242558057139	0.10908657786070694	0.0521730581004589	0	0	0.11967132063132299	0	0.06828113566945958	0.1180654943076396	0.058590029091679284	0	0	0.16618623138732708	0.09304964618639516	0	0	0.01	0.33625323126511797	0.9474894382302876
13005999-TT-R	0	0.10547004996508245	0.00559845122473629	0	0	0	0.026591367630051193	0.06870597584880292	0.2834778141353195	0	0.005401776326132263	0.05755715470119193	0	0.010744739040323617	0.18870911026257342	0.05623780697663948	0.08995974227680065	0	0.058751308863255816	0.04279470274909055	0	0	0.23	0.14012487537033877	1.0136457508877101
13006005-TT-R	0	0.08198028267970016	0	0	0	0.09610418459278146	0.07045429319339536	0.18897535698078213	0.29682711569354386	0	0	0.0621008813690305	0	0.024396583311452287	0.049435424469689376	0	0.034717102527985856	0	0.05979111020424669	0.02841997457235026	0	0.0067976904050420445	0	0.5426780033851067	0.8467852511249028
13006010-TT-R	0	0.01331886238730849	0.07074080158092111	0.07036424848270334	0.0040028547944379505	0	0.0043026268656507355	0.19232133198085133	0.2594664640979381	0	0.1224932018217177	0.043187676540153	0	0.052521951334536986	0.005527008090239469	0	0.11500670538524829	0	0.021837372372889848	0	0	0.024908894265403665	0	0.42333707544965926	0.9069436847216974
13006016-TT-R	0	0.054204588724598775	0	0	0	0.1572620272676444	0.02527164225167655	0.10873378490021847	0.47270507751968605	0	0	0.02544063075049539	0	0.03502793521508246	0.011241797394859369	0	0.021735211259235523	0	0.012102923285734025	0.03450802930560447	0	0.04176635212516452	0	0.7057550167014105	0.7346836708160257
13006026-TT-R	0	0.030123625999740063	0	0	0	0	0.059097538904152085	0.3660511869561959	0.027242411799165415	0.05626587102236885	0.042428103538134615	0.04690391507111514	0	0.05170250440386028	0.03670943917355046	0.005607661293337497	0.1955505723181535	0	0.04709983313119646	0.029075080761734196	0	0.006142255627295666	0.04	0.25311564201037756	0.9746680875282765
13006088-TT-R	0	0.05551026665183737	0	0	0.007512068741715951	0.048600147407279	0.06710495965431383	0.25743688981932406	0.06454804440409975	0	0	0.0776449275217392	0	0.010235327736987373	0.15638494526861668	0.017872851783161496	0.05844924277168572	0	0.09259743995562658	0.06353169654932932	0	0.02257119173428373	0.02	0.2899439187152625	0.9589778977421399
13006169-TT-R	0	0.05097738189285155	0	0	0	0.10250784988627985	0.08492505110888342	0.14889750747596964	0.16863856627258106	0.029156694356991964	0.08410764050427362	0.0954474763946369	0	0.02242951816135395	0.00653454234114217	0	0.1017271963034265	0	0.040077844473987344	0.04234578992728219	0	0.0222269409003399	0.03	0.2771917381805925	0.9677501524792408
13006206-TT-R	0	0.1045463130240051	0.006634115283828428	0.0037554669894830912	0	0	0.007772118528932351	0.3157056184755792	0	0.16897530608308237	0.07811964665443927	0.03364680644298334	0	0	0.05054102661871795	0	0.13058361174311997	0	0.0721317139071249	0.01745943915906639	0	0.010128817089637723	0.09	0.21070310615539753	0.9846477751702117
13006246-TT-R	0	0.04672570374983254	0.010592396715858972	0	0	0	0.02317075561463906	0.07555567809054009	0.5708949874043643	0	0.09194094259258588	0.03087951657436071	0	0.018584495479108377	0.021551403719465064	0	0.07467452457896953	0	0.023542066743640833	0.00699877320278851	0	0.004888755533846247	0	0.36905066526798824	0.933359346106774
